F,ReH,ReE,ReHt,dvcs
0.17357689,-1.2062641,-0.66341615,-0.6592478,0.0038675207
0.16557254,-1.2062641,-0.66341615,-0.6592478,0.0038675207
0.14528295,-1.2062641,-0.66341615,-0.6592478,0.0038675207
0.12031517,-1.2062641,-0.66341615,-0.6592478,0.0038675207
0.09664838,-1.2062641,-0.66341615,-0.6592478,0.0038675207
0.07692,-1.2062641,-0.66341615,-0.6592478,0.0038675207
0.061490014,-1.2062641,-0.66341615,-0.6592478,0.0038675207
0.049763367,-1.2062641,-0.66341615,-0.6592478,0.0038675207
0.040937725,-1.2062641,-0.66341615,-0.6592478,0.0038675207
0.03429573,-1.2062641,-0.66341615,-0.6592478,0.0038675207
0.029276792,-1.2062641,-0.66341615,-0.6592478,0.0038675207
0.025467545,-1.2062641,-0.66341615,-0.6592478,0.0038675207
0.022571225,-1.2062641,-0.66341615,-0.6592478,0.0038675207
0.020377595,-1.2062641,-0.66341615,-0.6592478,0.0038675207
0.018738924,-1.2062641,-0.66341615,-0.6592478,0.0038675207
0.017552616,-1.2062641,-0.66341615,-0.6592478,0.0038675207
0.016749064,-1.2062641,-0.66341615,-0.6592478,0.0038675207
0.016283525,-1.2062641,-0.66341615,-0.6592478,0.0038675207
0.016131017,-1.2062641,-0.66341615,-0.6592478,0.0038675207
0.016283525,-1.2062641,-0.66341615,-0.6592478,0.0038675207
0.016749064,-1.2062641,-0.66341615,-0.6592478,0.0038675207
0.017552618,-1.2062641,-0.66341615,-0.6592478,0.0038675207
0.018738924,-1.2062641,-0.66341615,-0.6592478,0.0038675207
0.020377595,-1.2062641,-0.66341615,-0.6592478,0.0038675207
0.022571225,-1.2062641,-0.66341615,-0.6592478,0.0038675207
0.025467537,-1.2062641,-0.66341615,-0.6592478,0.0038675207
0.029276794,-1.2062641,-0.66341615,-0.6592478,0.0038675207
0.03429573,-1.2062641,-0.66341615,-0.6592478,0.0038675207
0.04093773,-1.2062641,-0.66341615,-0.6592478,0.0038675207
0.04976335,-1.2062641,-0.66341615,-0.6592478,0.0038675207
0.061489988,-1.2062641,-0.66341615,-0.6592478,0.003867517
0.07691998,-1.2062641,-0.66341615,-0.6592478,0.003867517
0.09664832,-1.2062641,-0.66341615,-0.6592478,0.0038675207
0.12031518,-1.2062641,-0.66341615,-0.6592478,0.0038675207
0.14528297,-1.2062641,-0.66341615,-0.6592478,0.0038675207
0.16557254,-1.2062641,-0.66341615,-0.6592478,0.0038675207
0.17357689,-1.2062641,-0.66341615,-0.6592478,0.0038675207
0.1610216,-1.3936542,-0.7757099,-0.7478167,0.006619717
0.14770761,-1.3936542,-0.7757099,-0.7478167,0.006619717
0.11859653,-1.3936542,-0.7757099,-0.7478167,0.006619717
0.089774065,-1.3936542,-0.7757099,-0.7478167,0.006619717
0.06762218,-1.3936542,-0.7757099,-0.7478167,0.006619717
0.05201394,-1.3936542,-0.7757099,-0.7478167,0.006619717
0.04122621,-1.3936542,-0.7757099,-0.7478167,0.006619717
0.033714626,-1.3936542,-0.7757099,-0.7478167,0.006619717
0.028395992,-1.3936542,-0.7757099,-0.7478167,0.006619717
0.024559736,-1.3936542,-0.7757099,-0.7478167,0.006619717
0.021745794,-1.3936542,-0.7757099,-0.7478167,0.006619717
0.019654537,-1.3936542,-0.7757099,-0.7478167,0.006619717
0.018088307,-1.3936542,-0.7757099,-0.7478167,0.006619717
0.01691504,-1.3936542,-0.7757099,-0.7478167,0.006619717
0.016045652,-1.3936542,-0.7757099,-0.7478167,0.006619717
0.015419964,-1.3936542,-0.7757099,-0.7478167,0.006619717
0.014997905,-1.3936542,-0.7757099,-0.7478167,0.006619717
0.0147540355,-1.3936542,-0.7757099,-0.7478167,0.006619717
0.014674252,-1.3936542,-0.7757099,-0.7478167,0.006619717
0.0147540355,-1.3936542,-0.7757099,-0.7478167,0.006619717
0.014997905,-1.3936542,-0.7757099,-0.7478167,0.006619717
0.015419964,-1.3936542,-0.7757099,-0.7478167,0.006619717
0.016045649,-1.3936542,-0.7757099,-0.7478167,0.006619717
0.01691504,-1.3936542,-0.7757099,-0.7478167,0.006619717
0.018088307,-1.3936542,-0.7757099,-0.7478167,0.006619717
0.019654535,-1.393654,-0.77570987,-0.74781674,0.006619715
0.021745794,-1.393654,-0.77570987,-0.74781674,0.006619715
0.024559736,-1.3936542,-0.7757099,-0.7478167,0.006619717
0.028395995,-1.3936542,-0.7757099,-0.7478167,0.006619717
0.033714604,-1.3936542,-0.7757099,-0.7478167,0.006619717
0.04122619,-1.3936542,-0.7757099,-0.7478167,0.006619717
0.052013922,-1.3936542,-0.7757099,-0.7478167,0.006619717
0.06762218,-1.3936542,-0.7757099,-0.7478167,0.006619717
0.08977398,-1.3936542,-0.7757099,-0.7478167,0.006619717
0.11859655,-1.3936542,-0.7757099,-0.7478167,0.006619717
0.14770715,-1.3936542,-0.7757099,-0.7478167,0.006619717
0.1610216,-1.3936542,-0.7757099,-0.7478167,0.006619717
4.044023,-1.3465257,-0.760317,-0.7085436,-0.0010025736
1.7886336,-1.3465257,-0.760317,-0.7085436,-0.0010025736
0.6661117,-1.3465257,-0.760317,-0.7085436,-0.0010025736
0.3234952,-1.3465257,-0.760317,-0.7085436,-0.0010025736
0.18693206,-1.3465257,-0.760317,-0.7085436,-0.0010025736
0.12064041,-1.3465257,-0.760317,-0.7085436,-0.0010025736
0.08400431,-1.3465257,-0.760317,-0.7085436,-0.0010025736
0.061879195,-1.3465257,-0.760317,-0.7085436,-0.0010025736
0.047644265,-1.3465257,-0.760317,-0.7085436,-0.0010025736
0.03804998,-1.3465257,-0.760317,-0.7085436,-0.0010025736
0.031357095,-1.3465257,-0.760317,-0.7085436,-0.0010025736
0.026571134,-1.3465257,-0.760317,-0.7085436,-0.0010025736
0.023093857,-1.3465257,-0.760317,-0.7085436,-0.0010025736
0.0205512,-1.3465257,-0.760317,-0.7085436,-0.0010025736
0.01870287,-1.3465257,-0.760317,-0.7085436,-0.0010025736
0.017392278,-1.3465257,-0.760317,-0.7085436,-0.0010025736
0.016517833,-1.3465257,-0.760317,-0.7085436,-0.0010025736
0.016016198,-1.3465257,-0.760317,-0.7085436,-0.0010025736
0.015852675,-1.3465257,-0.760317,-0.7085436,-0.0010025736
0.016016198,-1.3465257,-0.760317,-0.7085436,-0.0010025736
0.01651782,-1.3465257,-0.76031697,-0.7085436,-0.0010025867
0.017392267,-1.3465257,-0.76031697,-0.7085436,-0.0010025867
0.018702868,-1.3465257,-0.760317,-0.7085436,-0.0010025736
0.0205512,-1.3465257,-0.760317,-0.7085436,-0.0010025736
0.023093857,-1.3465257,-0.760317,-0.7085436,-0.0010025736
0.026571136,-1.3465257,-0.760317,-0.7085436,-0.0010025736
0.031357095,-1.3465257,-0.760317,-0.7085436,-0.0010025736
0.03804998,-1.3465257,-0.760317,-0.7085436,-0.0010025736
0.047644243,-1.3465257,-0.760317,-0.7085436,-0.0010025736
0.061879195,-1.3465257,-0.760317,-0.7085436,-0.0010025736
0.08400432,-1.3465257,-0.760317,-0.7085436,-0.0010025736
0.120640405,-1.3465257,-0.760317,-0.7085436,-0.0010025736
0.1869317,-1.3465257,-0.760317,-0.7085436,-0.0010025736
0.32349524,-1.3465257,-0.760317,-0.7085436,-0.0010025736
0.66611177,-1.3465257,-0.760317,-0.7085436,-0.0010025736
1.7886337,-1.3465257,-0.760317,-0.7085436,-0.0010025736
4.044023,-1.3465257,-0.760317,-0.7085436,-0.0010025736
0.5083792,-1.1974139,-0.6641025,-0.65272045,-0.0070448183
0.44334498,-1.1974139,-0.6641025,-0.65272045,-0.0070448183
0.3169244,-1.1974139,-0.6641025,-0.65272045,-0.0070448183
0.20991781,-1.1974139,-0.6641025,-0.65272045,-0.0070448183
0.13831073,-1.1974139,-0.6641025,-0.65272045,-0.0070448183
0.09307836,-1.1974139,-0.6641025,-0.65272045,-0.0070448183
0.06439853,-1.1974139,-0.6641025,-0.65272045,-0.0070448183
0.04577598,-1.1974139,-0.6641025,-0.65272045,-0.0070448183
0.033329263,-1.1974139,-0.6641025,-0.65272045,-0.0070448183
0.02477182,-1.1974139,-0.6641025,-0.65272045,-0.0070448183
0.018739138,-1.1974139,-0.6641025,-0.65272045,-0.0070448183
0.014399283,-1.1974139,-0.6641025,-0.65272045,-0.0070448183
0.01123322,-1.1974139,-0.6641025,-0.65272045,-0.0070448183
0.008910306,-1.1974139,-0.6641025,-0.65272045,-0.0070448183
0.007216431,-1.1974139,-0.6641025,-0.65272045,-0.0070448183
0.0060118614,-1.197414,-0.6641025,-0.6527205,-0.0070448155
0.0052061407,-1.197414,-0.6641025,-0.6527205,-0.0070448155
0.0047430797,-1.1974139,-0.6641025,-0.65272045,-0.0070448183
0.004591979,-1.1974139,-0.6641025,-0.65272045,-0.0070448183
0.0047430797,-1.1974139,-0.6641025,-0.65272045,-0.0070448183
0.005206138,-1.1974139,-0.6641025,-0.65272045,-0.0070448183
0.006011854,-1.1974139,-0.6641025,-0.65272045,-0.0070448183
0.0072164265,-1.1974139,-0.6641025,-0.65272045,-0.0070448183
0.008910306,-1.1974139,-0.6641025,-0.65272045,-0.0070448183
0.01123322,-1.1974139,-0.6641025,-0.65272045,-0.0070448183
0.014399283,-1.1974139,-0.6641025,-0.65272045,-0.0070448183
0.01873914,-1.1974139,-0.6641025,-0.65272045,-0.0070448183
0.02477182,-1.1974139,-0.6641025,-0.65272045,-0.0070448183
0.03332926,-1.1974139,-0.6641025,-0.65272045,-0.0070448183
0.04577596,-1.1974139,-0.6641025,-0.65272045,-0.0070448183
0.06439851,-1.1974139,-0.6641025,-0.65272045,-0.0070448183
0.093078345,-1.1974139,-0.6641025,-0.65272045,-0.0070448183
0.13831064,-1.1974139,-0.6641025,-0.65272045,-0.0070448183
0.20991784,-1.1974139,-0.6641025,-0.65272045,-0.0070448183
0.316924,-1.1974139,-0.6641025,-0.65272045,-0.0070448183
0.44334492,-1.1974139,-0.6641025,-0.65272045,-0.0070448183
0.5083792,-1.1974139,-0.6641025,-0.65272045,-0.0070448183
0.34888527,-1.3007066,-0.7224175,-0.70572895,-0.00059796055
0.30090693,-1.3007066,-0.7224175,-0.70572895,-0.00059796055
0.21163106,-1.3007066,-0.7224175,-0.70572895,-0.00059796055
0.13978766,-1.3007066,-0.7224175,-0.70572895,-0.00059796055
0.09333663,-1.3007066,-0.7224175,-0.70572895,-0.00059796055
0.064505965,-1.3007066,-0.7224175,-0.70572895,-0.00059796055
0.04633592,-1.3007066,-0.7224175,-0.70572895,-0.00059796055
0.034527462,-1.3007066,-0.7224175,-0.70572895,-0.00059796055
0.026598394,-1.3007066,-0.7224175,-0.70572895,-0.00059796055
0.02111189,-1.3007066,-0.7224175,-0.70572895,-0.00059796055
0.017217249,-1.3007066,-0.72241753,-0.70572895,-0.00059795496
0.0143967075,-1.3007066,-0.72241753,-0.70572895,-0.00059795496
0.012326664,-1.3007066,-0.7224175,-0.70572895,-0.00059796055
0.010800133,-1.3007066,-0.7224175,-0.70572895,-0.00059796055
0.009682379,-1.3007066,-0.7224175,-0.70572895,-0.00059796055
0.0088849785,-1.3007066,-0.7224175,-0.70572895,-0.00059796055
0.008350396,-1.3007066,-0.7224175,-0.70572895,-0.00059796055
0.008042707,-1.3007066,-0.7224175,-0.70572895,-0.00059796055
0.007942233,-1.3007066,-0.7224175,-0.70572895,-0.00059796055
0.008042707,-1.3007066,-0.7224175,-0.70572895,-0.00059796055
0.008350395,-1.3007066,-0.7224175,-0.70572895,-0.00059796055
0.0088849785,-1.3007066,-0.7224175,-0.70572895,-0.00059796055
0.009682374,-1.3007066,-0.7224175,-0.70572895,-0.00059796055
0.010800133,-1.3007066,-0.7224175,-0.70572895,-0.00059796055
0.012326664,-1.3007066,-0.7224175,-0.70572895,-0.00059796055
0.014396702,-1.3007066,-0.7224175,-0.70572895,-0.00059796055
0.017217245,-1.3007066,-0.7224175,-0.70572895,-0.00059796055
0.021111893,-1.3007066,-0.7224175,-0.70572895,-0.00059796055
0.026598386,-1.3007066,-0.7224175,-0.70572895,-0.00059796055
0.03452743,-1.3007066,-0.7224175,-0.70572895,-0.00059796055
0.046335902,-1.3007066,-0.7224175,-0.70572895,-0.00059796055
0.064505935,-1.3007066,-0.7224175,-0.70572895,-0.00059796055
0.09333662,-1.3007066,-0.7224175,-0.70572895,-0.00059796055
0.13978767,-1.3007066,-0.7224175,-0.70572895,-0.00059796055
0.21163073,-1.3007066,-0.7224175,-0.70572895,-0.00059796055
0.30090585,-1.3007066,-0.7224175,-0.70572895,-0.00059796055
0.34888527,-1.3007066,-0.7224175,-0.70572895,-0.00059796055
0.1757255,-1.3863704,-0.77230334,-0.7432088,0.005521915
0.16033602,-1.3863704,-0.77230334,-0.7432088,0.005521915
0.12715779,-1.3863704,-0.77230334,-0.7432088,0.005521915
0.09493201,-1.3863704,-0.77230334,-0.7432088,0.005521915
0.07058033,-1.3863704,-0.77230334,-0.7432088,0.005521915
0.053639255,-1.3863704,-0.7723034,-0.7432089,0.0055219093
0.0420378,-1.3863704,-0.7723034,-0.7432089,0.0055219093
0.03401412,-1.3863704,-0.77230334,-0.7432088,0.005521915
0.028361946,-1.3863704,-0.77230334,-0.7432088,0.005521915
0.024301425,-1.3863704,-0.77230334,-0.7432088,0.005521915
0.021332558,-1.3863704,-0.77230334,-0.7432088,0.005521915
0.019131925,-1.3863704,-0.77230334,-0.7432088,0.005521915
0.017487332,-1.3863704,-0.77230334,-0.7432088,0.005521915
0.016257528,-1.3863704,-0.77230334,-0.7432088,0.005521915
0.015347521,-1.3863704,-0.77230334,-0.7432088,0.005521915
0.014693315,-1.3863704,-0.77230334,-0.7432088,0.005521915
0.014252372,-1.3863704,-0.77230334,-0.7432088,0.005521915
0.013997727,-1.3863704,-0.77230334,-0.7432088,0.005521915
0.01391444,-1.3863704,-0.77230334,-0.7432088,0.005521915
0.013997727,-1.3863704,-0.77230334,-0.7432088,0.005521915
0.014252372,-1.3863704,-0.77230334,-0.7432088,0.005521915
0.014693315,-1.3863704,-0.77230334,-0.7432088,0.005521915
0.015347517,-1.3863704,-0.77230334,-0.7432088,0.005521915
0.016257528,-1.3863704,-0.77230334,-0.7432088,0.005521915
0.017487332,-1.3863704,-0.77230334,-0.7432088,0.005521915
0.019131927,-1.3863704,-0.77230334,-0.7432088,0.005521915
0.021332543,-1.3863704,-0.77230334,-0.7432088,0.005521915
0.024301425,-1.3863704,-0.77230334,-0.7432088,0.005521915
0.028361946,-1.3863704,-0.77230334,-0.7432088,0.005521915
0.0340141,-1.3863704,-0.77230334,-0.7432088,0.005521915
0.04203779,-1.3863704,-0.77230334,-0.7432088,0.005521915
0.053639267,-1.3863704,-0.77230334,-0.7432088,0.005521915
0.070580274,-1.3863704,-0.77230334,-0.7432088,0.005521915
0.09493201,-1.3863704,-0.77230334,-0.7432088,0.005521915
0.12715763,-1.3863704,-0.77230334,-0.7432088,0.005521915
0.16033551,-1.3863704,-0.77230334,-0.7432088,0.005521915
0.1757255,-1.3863704,-0.77230334,-0.7432088,0.005521915
1.4772662,-1.0188053,-0.57440567,-0.5400989,0.012733656
1.390187,-1.0188053,-0.57440567,-0.5400989,0.012733656
1.1794715,-1.0188053,-0.5744057,-0.54009885,0.012733661
0.93802416,-1.0188053,-0.5744057,-0.54009885,0.012733661
0.72514695,-1.0188053,-0.5744057,-0.54009885,0.012733661
0.55811185,-1.0188053,-0.5744057,-0.54009885,0.012733661
0.43334493,-1.0188053,-0.5744057,-0.54009885,0.012733661
0.3416923,-1.0188053,-0.5744057,-0.54009885,0.012733661
0.27445936,-1.0188053,-0.5744057,-0.54009885,0.012733661
0.22488531,-1.0188053,-0.5744057,-0.54009885,0.012733661
0.18807495,-1.0188053,-0.5744057,-0.54009885,0.012733661
0.16057527,-1.0188053,-0.5744057,-0.54009885,0.012733661
0.13997203,-1.0188053,-0.5744057,-0.54009885,0.012733661
0.12457964,-1.0188053,-0.5744057,-0.54009885,0.012733661
0.11322323,-1.0188053,-0.5744057,-0.54009885,0.012733661
0.10508944,-1.0188053,-0.5744057,-0.54009885,0.012733661
0.09962676,-1.0188053,-0.5744057,-0.54009885,0.012733661
0.096480735,-1.0188053,-0.5744057,-0.54009885,0.012733661
0.09545328,-1.0188053,-0.5744057,-0.54009885,0.012733661
0.096480735,-1.0188053,-0.5744057,-0.54009885,0.012733661
0.09962676,-1.0188053,-0.5744057,-0.54009885,0.012733661
0.10508938,-1.0188053,-0.5744057,-0.54009885,0.012733661
0.11322323,-1.0188053,-0.5744057,-0.54009885,0.012733661
0.12457964,-1.0188053,-0.5744057,-0.54009885,0.012733661
0.13997203,-1.0188053,-0.5744057,-0.54009885,0.012733661
0.16057527,-1.0188053,-0.5744057,-0.54009885,0.012733661
0.18807495,-1.0188053,-0.5744057,-0.54009885,0.012733661
0.22488531,-1.0188053,-0.5744057,-0.54009885,0.012733661
0.27445924,-1.0188053,-0.5744057,-0.54009885,0.012733661
0.3416923,-1.0188053,-0.5744057,-0.54009885,0.012733661
0.43334472,-1.0188053,-0.5744057,-0.54009885,0.012733661
0.55811185,-1.0188053,-0.5744057,-0.54009885,0.012733661
0.7251469,-1.0188053,-0.57440567,-0.5400989,0.012733656
0.93802315,-1.0188053,-0.57440567,-0.5400989,0.012733656
1.1794685,-1.0188053,-0.5744057,-0.54009885,0.012733661
1.390187,-1.0188053,-0.5744057,-0.54009885,0.012733661
1.4772662,-1.0188053,-0.5744057,-0.54009885,0.012733661
0.10938695,-1.4387535,-0.8003466,-0.7703797,0.0128638465
0.103230454,-1.4387535,-0.8003466,-0.7703797,0.0128638465
0.088718325,-1.4387535,-0.8003466,-0.7703797,0.0128638465
0.07271924,-1.4387535,-0.8003466,-0.7703797,0.0128638465
0.059118472,-1.4387535,-0.8003466,-0.7703797,0.0128638465
0.048734345,-1.4387535,-0.8003466,-0.7703797,0.0128638465
0.04110849,-1.4387535,-0.8003466,-0.7703797,0.0128638465
0.035550207,-1.4387535,-0.8003466,-0.7703797,0.0128638465
0.031474493,-1.4387535,-0.8003466,-0.7703797,0.0128638465
0.0284535,-1.4387535,-0.8003466,-0.7703797,0.0128638465
0.026189353,-1.4387535,-0.8003466,-0.7703797,0.0128638465
0.02447762,-1.4387535,-0.8003466,-0.7703797,0.0128638465
0.023178048,-1.4387535,-0.8003466,-0.7703797,0.0128638465
0.022194006,-1.4387535,-0.8003466,-0.7703797,0.0128638465
0.021458706,-1.4387535,-0.8003466,-0.7703797,0.0128638465
0.020926164,-1.4387535,-0.8003466,-0.7703797,0.0128638465
0.020565309,-1.4387535,-0.8003466,-0.7703797,0.0128638465
0.020356191,-1.4387535,-0.8003466,-0.7703797,0.0128638465
0.020287678,-1.4387535,-0.8003466,-0.7703797,0.0128638465
0.020356191,-1.4387535,-0.8003466,-0.7703797,0.0128638465
0.020565307,-1.4387535,-0.8003466,-0.7703797,0.0128638465
0.020926163,-1.4387535,-0.8003466,-0.7703797,0.0128638465
0.021458702,-1.4387535,-0.8003466,-0.7703797,0.0128638465
0.022194006,-1.4387535,-0.8003466,-0.7703797,0.0128638465
0.023178048,-1.4387535,-0.8003466,-0.7703797,0.0128638465
0.024477616,-1.4387535,-0.8003466,-0.7703797,0.0128638465
0.026189346,-1.4387535,-0.8003466,-0.7703797,0.0128638465
0.028453492,-1.4387534,-0.80034655,-0.77037984,0.012863838
0.031474486,-1.4387534,-0.80034655,-0.77037984,0.012863838
0.035550207,-1.4387535,-0.8003466,-0.7703797,0.0128638465
0.04110849,-1.4387535,-0.8003466,-0.7703797,0.0128638465
0.0487343,-1.4387535,-0.8003466,-0.7703797,0.0128638465
0.059118435,-1.4387535,-0.8003466,-0.7703797,0.0128638465
0.07271919,-1.4387535,-0.8003466,-0.7703797,0.0128638465
0.08871831,-1.4387535,-0.8003466,-0.7703797,0.0128638465
0.10323046,-1.4387535,-0.8003466,-0.7703797,0.0128638465
0.10938695,-1.4387535,-0.8003466,-0.7703797,0.0128638465
0.3286942,-1.4914279,-0.83576345,-0.78284013,0.0028671313
0.2746285,-1.4914279,-0.83576345,-0.78284013,0.0028671313
0.18446223,-1.4914279,-0.83576345,-0.78284013,0.0028671313
0.12005083,-1.4914279,-0.83576345,-0.78284013,0.0028671313
0.08145175,-1.4914279,-0.83576345,-0.78284013,0.0028671313
0.058362227,-1.4914279,-0.83576345,-0.78284013,0.0028671313
0.04398346,-1.4914279,-0.83576345,-0.78284013,0.0028671313
0.034617636,-1.4914279,-0.83576345,-0.78284013,0.0028671313
0.028268497,-1.4914279,-0.83576345,-0.78284013,0.0028671313
0.023820132,-1.4914279,-0.83576345,-0.78284013,0.0028671313
0.0206218,-1.4914279,-0.83576345,-0.78284013,0.0028671313
0.018278409,-1.4914279,-0.83576345,-0.78284013,0.0028671313
0.01654158,-1.4914279,-0.83576345,-0.78284013,0.0028671313
0.015250726,-1.4914279,-0.83576345,-0.78284013,0.0028671313
0.014299955,-1.4914279,-0.83576345,-0.78284013,0.0028671313
0.01361883,-1.4914279,-0.83576345,-0.78284013,0.0028671313
0.013160912,-1.4914279,-0.83576345,-0.78284013,0.0028671313
0.012896898,-1.4914279,-0.83576345,-0.78284013,0.0028671313
0.012810624,-1.4914279,-0.83576345,-0.78284013,0.0028671313
0.012896898,-1.4914279,-0.83576345,-0.78284013,0.0028671313
0.013160912,-1.4914279,-0.83576345,-0.78284013,0.0028671313
0.01361883,-1.4914279,-0.83576345,-0.78284013,0.0028671313
0.014299955,-1.491428,-0.83576345,-0.7828402,0.0028671313
0.015250726,-1.491428,-0.83576345,-0.7828402,0.0028671313
0.01654158,-1.4914279,-0.83576345,-0.78284013,0.0028671313
0.018278401,-1.4914279,-0.83576345,-0.78284013,0.0028671313
0.0206218,-1.4914279,-0.83576345,-0.78284013,0.0028671313
0.023820134,-1.4914279,-0.83576345,-0.78284013,0.0028671313
0.028268486,-1.4914279,-0.83576345,-0.78284013,0.0028671313
0.034617614,-1.4914279,-0.83576345,-0.78284013,0.0028671313
0.04398343,-1.4914279,-0.83576345,-0.78284013,0.0028671313
0.05836223,-1.4914279,-0.83576345,-0.78284013,0.0028671313
0.08145176,-1.4914279,-0.83576345,-0.78284013,0.0028671313
0.12005083,-1.4914279,-0.83576345,-0.78284013,0.0028671313
0.18446225,-1.4914279,-0.83576345,-0.78284013,0.0028671313
0.2746285,-1.4914279,-0.83576345,-0.78284013,0.0028671313
0.3286942,-1.4914279,-0.83576345,-0.78284013,0.0028671313
2.5390873,-1.0721548,-0.61588967,-0.5682122,0.02070672
2.2362378,-1.0721548,-0.61588967,-0.5682122,0.02070672
1.6454159,-1.0721548,-0.61588967,-0.5682122,0.02070672
1.1405215,-1.0721548,-0.61588967,-0.5682122,0.02070672
0.79688185,-1.0721548,-0.61588967,-0.5682122,0.02070672
0.5746363,-1.0721548,-0.61588967,-0.5682122,0.02070672
0.42978176,-1.0721548,-0.61588967,-0.5682122,0.02070672
0.33301246,-1.0721548,-0.61588967,-0.5682122,0.02070672
0.2665968,-1.0721548,-0.61588967,-0.5682122,0.02070672
0.21988508,-1.0721548,-0.61588967,-0.5682122,0.02070672
0.18635806,-1.0721548,-0.61588967,-0.5682122,0.02070672
0.16192293,-1.0721548,-0.61588967,-0.5682122,0.02070672
0.14394514,-1.0721548,-0.61588967,-0.5682122,0.02070672
0.13069314,-1.0721548,-0.61588967,-0.5682122,0.02070672
0.12101186,-1.0721548,-0.61588967,-0.5682122,0.02070672
0.11412723,-1.0721548,-0.61588967,-0.5682122,0.02070672
0.10952644,-1.0721548,-0.61588967,-0.5682122,0.02070672
0.10688512,-1.0721548,-0.61588967,-0.5682123,0.020706724
0.10602382,-1.0721548,-0.61588967,-0.5682123,0.020706724
0.10688512,-1.0721548,-0.61588967,-0.5682122,0.02070672
0.10952645,-1.0721548,-0.61588967,-0.5682122,0.02070672
0.11412723,-1.0721548,-0.61588967,-0.5682122,0.02070672
0.12101183,-1.0721548,-0.61588967,-0.5682122,0.02070672
0.13069314,-1.0721548,-0.61588967,-0.5682122,0.02070672
0.14394514,-1.0721548,-0.61588967,-0.5682122,0.02070672
0.16192293,-1.0721548,-0.61588967,-0.5682122,0.02070672
0.18635806,-1.0721548,-0.61588967,-0.5682122,0.02070672
0.21988508,-1.0721548,-0.61588967,-0.5682122,0.02070672
0.2665968,-1.0721548,-0.61588967,-0.5682122,0.02070672
0.3330122,-1.0721548,-0.61588967,-0.5682122,0.02070672
0.42978176,-1.0721548,-0.61588967,-0.5682122,0.02070672
0.57463634,-1.0721548,-0.61588967,-0.5682122,0.02070672
0.7968807,-1.0721548,-0.61588967,-0.5682122,0.02070672
1.1405216,-1.0721548,-0.61588967,-0.5682122,0.02070672
1.6454111,-1.0721548,-0.61588967,-0.5682122,0.02070672
2.2362378,-1.0721548,-0.61588967,-0.5682122,0.02070672
2.5390873,-1.0721548,-0.61588967,-0.5682122,0.02070672
0.3526553,-1.4156003,-0.7933658,-0.75003093,0.0021408356
0.2957423,-1.4156003,-0.7933658,-0.75003093,0.0021408356
0.19934316,-1.4156003,-0.7933658,-0.75003093,0.0021408356
0.1293582,-1.4156003,-0.7933658,-0.75003093,0.0021408356
0.08701805,-1.4156003,-0.7933658,-0.75003093,0.0021408356
0.061595898,-1.4156003,-0.7933658,-0.75003093,0.0021408356
0.045766693,-1.4156003,-0.7933658,-0.75003093,0.0021408356
0.035482954,-1.4156003,-0.7933658,-0.75003093,0.0021408356
0.028539661,-1.4156003,-0.7933658,-0.75003093,0.0021408356
0.023698032,-1.4156003,-0.7933658,-0.75003093,0.0021408356
0.02023397,-1.4156003,-0.7933658,-0.75003093,0.0021408356
0.017707724,-1.4156003,-0.7933658,-0.75003093,0.0021408356
0.015843222,-1.4156002,-0.7933657,-0.75003093,0.0021408282
0.014462491,-1.4156002,-0.7933657,-0.75003093,0.0021408282
0.013448553,-1.4156003,-0.7933658,-0.75003093,0.0021408356
0.012723851,-1.4156003,-0.7933658,-0.75003093,0.0021408356
0.012237462,-1.4156003,-0.7933658,-0.75003093,0.0021408356
0.011957342,-1.4156003,-0.7933658,-0.75003093,0.0021408356
0.011865849,-1.4156003,-0.7933658,-0.75003093,0.0021408356
0.011957342,-1.4156003,-0.7933658,-0.75003093,0.0021408356
0.012237458,-1.4156003,-0.7933658,-0.75003093,0.0021408356
0.012723851,-1.4156003,-0.7933658,-0.75003093,0.0021408356
0.013448553,-1.4156003,-0.7933658,-0.75003093,0.0021408356
0.014462498,-1.4156003,-0.7933658,-0.75003093,0.0021408356
0.01584323,-1.4156003,-0.7933658,-0.75003093,0.0021408356
0.017707717,-1.4156003,-0.7933658,-0.75003093,0.0021408356
0.020233972,-1.4156003,-0.7933658,-0.75003093,0.0021408356
0.023698034,-1.4156003,-0.7933658,-0.75003093,0.0021408356
0.02853965,-1.4156003,-0.7933658,-0.75003093,0.0021408356
0.035482958,-1.4156003,-0.7933658,-0.75003093,0.0021408356
0.045766693,-1.4156003,-0.7933658,-0.75003093,0.0021408356
0.0615959,-1.4156003,-0.7933658,-0.75003093,0.0021408356
0.08701806,-1.4156003,-0.7933658,-0.75003093,0.0021408356
0.12935819,-1.4156003,-0.7933658,-0.75003093,0.0021408356
0.19934218,-1.4156003,-0.7933658,-0.75003093,0.0021408356
0.29574233,-1.4156003,-0.7933658,-0.75003093,0.0021408356
0.3526553,-1.4156003,-0.7933658,-0.75003093,0.0021408356
0.07474359,-1.4453704,-0.79674685,-0.7866482,0.039515246
0.073850274,-1.4453704,-0.79674685,-0.7866482,0.039515246
0.07142992,-1.4453704,-0.79674685,-0.7866482,0.039515246
0.068093695,-1.4453704,-0.79674685,-0.7866482,0.039515246
0.064476915,-1.4453704,-0.79674685,-0.7866482,0.039515246
0.061026018,-1.4453704,-0.79674685,-0.7866482,0.039515246
0.05796746,-1.4453704,-0.79674685,-0.7866482,0.039515246
0.055370238,-1.4453704,-0.79674685,-0.78664815,0.03951526
0.05321805,-1.4453704,-0.79674685,-0.78664815,0.03951526
0.051459387,-1.4453704,-0.79674685,-0.7866482,0.039515246
0.050034687,-1.4453704,-0.79674685,-0.7866482,0.039515246
0.04888861,-1.4453704,-0.79674685,-0.7866482,0.039515246
0.0479744,-1.4453704,-0.79674685,-0.7866482,0.039515246
0.04725457,-1.4453704,-0.79674685,-0.7866482,0.039515246
0.04670008,-1.4453704,-0.79674685,-0.7866482,0.039515246
0.04628914,-1.4453704,-0.79674685,-0.7866482,0.039515246
0.046006028,-1.4453704,-0.79674685,-0.7866482,0.039515246
0.0458402,-1.4453704,-0.79674685,-0.7866482,0.039515246
0.045785587,-1.4453704,-0.79674685,-0.7866482,0.039515246
0.0458402,-1.4453704,-0.79674685,-0.7866482,0.039515246
0.046006028,-1.4453704,-0.79674685,-0.7866482,0.039515246
0.04628914,-1.4453704,-0.79674685,-0.7866482,0.039515246
0.04670008,-1.4453704,-0.79674685,-0.7866482,0.039515246
0.04725457,-1.4453704,-0.79674685,-0.7866482,0.039515246
0.0479744,-1.4453704,-0.79674685,-0.7866482,0.039515246
0.04888861,-1.4453704,-0.79674685,-0.7866482,0.039515246
0.050034687,-1.4453704,-0.79674685,-0.7866482,0.039515246
0.051459387,-1.4453704,-0.79674685,-0.7866482,0.039515246
0.05321803,-1.4453704,-0.79674685,-0.7866482,0.039515246
0.055370227,-1.4453704,-0.79674685,-0.7866482,0.039515246
0.05796746,-1.4453704,-0.79674685,-0.7866482,0.039515246
0.061026014,-1.4453704,-0.79674685,-0.7866482,0.039515246
0.0644769,-1.4453704,-0.79674685,-0.7866482,0.039515246
0.068093695,-1.4453704,-0.79674685,-0.7866482,0.039515246
0.07142994,-1.4453704,-0.79674685,-0.7866482,0.039515246
0.073850274,-1.4453704,-0.79674685,-0.7866482,0.039515246
0.07474359,-1.4453704,-0.79674685,-0.7866482,0.039515246
0.21678887,-1.1964463,-0.66615194,-0.6401809,-0.00027387706
0.20886974,-1.1964463,-0.66615194,-0.6401809,-0.00027387706
0.18810646,-1.1964463,-0.6661519,-0.6401809,-0.0002738752
0.1610698,-1.1964463,-0.6661519,-0.6401809,-0.0002738752
0.13371924,-1.1964463,-0.66615194,-0.6401809,-0.00027387706
0.109432824,-1.1964463,-0.66615194,-0.6401809,-0.00027387706
0.089340836,-1.1964463,-0.66615194,-0.6401809,-0.00027387706
0.07333046,-1.1964463,-0.66615194,-0.6401809,-0.00027387706
0.06080702,-1.1964463,-0.66615194,-0.6401809,-0.00027387706
0.051090386,-1.1964463,-0.66615194,-0.6401809,-0.00027387706
0.043574564,-1.1964463,-0.66615194,-0.6401809,-0.00027387706
0.037770595,-1.1964463,-0.66615194,-0.6401809,-0.00027387706
0.033302847,-1.1964463,-0.66615194,-0.6401809,-0.00027387706
0.02989052,-1.1964463,-0.66615194,-0.6401809,-0.00027387706
0.027327687,-1.1964463,-0.66615194,-0.6401809,-0.00027387706
0.025466317,-1.1964463,-0.66615194,-0.6401809,-0.00027387706
0.024203256,-1.1964463,-0.66615194,-0.6401809,-0.00027387706
0.023470847,-1.1964463,-0.66615194,-0.6401809,-0.00027387706
0.023230836,-1.1964463,-0.66615194,-0.6401809,-0.00027387706
0.023470847,-1.1964463,-0.66615194,-0.6401809,-0.00027387706
0.02420325,-1.1964463,-0.66615194,-0.6401809,-0.00027387706
0.025466317,-1.1964463,-0.66615194,-0.6401809,-0.00027387706
0.027327683,-1.1964463,-0.66615194,-0.6401809,-0.00027387706
0.02989052,-1.1964463,-0.66615194,-0.6401809,-0.00027387706
0.033302847,-1.1964463,-0.66615194,-0.6401809,-0.00027387706
0.0377706,-1.1964463,-0.66615194,-0.6401809,-0.00027387706
0.043574564,-1.1964463,-0.66615194,-0.6401809,-0.00027387706
0.051090382,-1.1964463,-0.66615194,-0.6401809,-0.00027387706
0.060806997,-1.1964463,-0.66615194,-0.6401809,-0.00027387706
0.07333041,-1.1964463,-0.66615194,-0.6401809,-0.00027387706
0.089340806,-1.1964463,-0.66615194,-0.6401809,-0.00027387706
0.109432824,-1.1964463,-0.66615194,-0.6401809,-0.00027387706
0.13371924,-1.1964463,-0.66615194,-0.6401809,-0.00027387706
0.16106957,-1.1964463,-0.66615194,-0.6401809,-0.00027387706
0.1881063,-1.1964463,-0.6661519,-0.6401809,-0.0002738752
0.20886976,-1.1964463,-0.6661519,-0.6401809,-0.0002738752
0.21678887,-1.1964463,-0.66615194,-0.6401809,-0.00027387706
0.36045527,-1.1413697,-0.6565966,-0.61153364,0.016164854
0.35012835,-1.1413697,-0.6565966,-0.61153364,0.016164854
0.32250988,-1.1413697,-0.6565966,-0.61153364,0.016164854
0.2853148,-1.1413697,-0.6565966,-0.61153364,0.016164854
0.24616617,-1.1413697,-0.6565966,-0.61153364,0.016164854
0.21000965,-1.1413697,-0.6565966,-0.61153364,0.016164854
0.17901795,-1.1413697,-0.6565966,-0.61153364,0.016164854
0.15356171,-1.1413697,-0.6565966,-0.61153364,0.016164854
0.13314359,-1.1413697,-0.6565966,-0.61153364,0.016164854
0.11697668,-1.1413697,-0.6565966,-0.61153364,0.016164854
0.10426889,-1.1413697,-0.6565966,-0.61153364,0.016164854
0.09433241,-1.1413697,-0.6565966,-0.61153364,0.016164854
0.08661118,-1.1413697,-0.6565966,-0.61153364,0.016164854
0.08067308,-1.1413697,-0.6565966,-0.61153364,0.016164854
0.07619142,-1.1413697,-0.6565966,-0.61153364,0.016164854
0.07292561,-1.1413697,-0.6565966,-0.61153364,0.016164854
0.0707048,-1.1413697,-0.6565966,-0.61153364,0.016164854
0.069415465,-1.1413697,-0.6565966,-0.61153364,0.016164854
0.068992704,-1.1413697,-0.6565966,-0.61153364,0.016164854
0.069415465,-1.1413697,-0.6565966,-0.61153364,0.016164854
0.0707048,-1.1413697,-0.6565966,-0.61153364,0.016164854
0.07292561,-1.1413697,-0.6565966,-0.61153364,0.016164854
0.07619142,-1.1413697,-0.6565966,-0.61153364,0.016164854
0.08067308,-1.1413697,-0.6565966,-0.61153364,0.016164854
0.08661118,-1.1413697,-0.6565966,-0.61153364,0.016164854
0.09433241,-1.1413697,-0.6565966,-0.61153364,0.016164854
0.10426889,-1.1413697,-0.6565966,-0.61153364,0.016164854
0.11697668,-1.1413697,-0.6565966,-0.61153364,0.016164854
0.13314351,-1.1413697,-0.6565966,-0.61153364,0.016164854
0.15356171,-1.1413697,-0.65659654,-0.6115337,0.016164854
0.17901796,-1.1413697,-0.65659654,-0.6115337,0.016164854
0.21000966,-1.1413697,-0.6565966,-0.61153364,0.016164854
0.24616617,-1.1413697,-0.6565966,-0.61153364,0.016164854
0.2853148,-1.1413697,-0.6565966,-0.61153364,0.016164854
0.32250988,-1.1413697,-0.6565966,-0.61153364,0.016164854
0.350128,-1.1413697,-0.6565966,-0.61153364,0.016164854
0.36045527,-1.1413697,-0.6565966,-0.61153364,0.016164854
1.0659189,-1.0957009,-0.6157372,-0.58991843,-0.000794654
0.95139444,-1.0957009,-0.6157372,-0.58991843,-0.000794654
0.71569735,-1.0957009,-0.6157372,-0.58991843,-0.000794654
0.5007224,-1.0957009,-0.6157372,-0.58991843,-0.000794654
0.3472226,-1.0957009,-0.6157372,-0.58991843,-0.000794654
0.24523705,-1.0957009,-0.6157372,-0.58991843,-0.000794654
0.1780194,-1.0957009,-0.6157372,-0.58991843,-0.000794654
0.1330739,-1.0957009,-0.6157372,-0.58991843,-0.000794654
0.10238268,-1.0957009,-0.6157372,-0.58991843,-0.000794654
0.080969594,-1.0957009,-0.6157372,-0.58991843,-0.000794654
0.06573819,-1.0957009,-0.6157372,-0.58991843,-0.000794654
0.054733053,-1.0957009,-0.6157372,-0.58991843,-0.000794654
0.046697605,-1.0957009,-0.6157372,-0.58991843,-0.000794654
0.040811222,-1.0957009,-0.6157372,-0.58991843,-0.000794654
0.036531534,-1.0957009,-0.6157372,-0.58991843,-0.000794654
0.033498704,-1.0957009,-0.6157372,-0.58991843,-0.000794654
0.031476732,-1.0957009,-0.6157372,-0.58991843,-0.000794654
0.030317565,-1.0957009,-0.6157372,-0.58991843,-0.000794654
0.029939821,-1.0957009,-0.6157372,-0.58991843,-0.000794654
0.030317565,-1.0957009,-0.6157372,-0.58991843,-0.000794654
0.031476732,-1.0957009,-0.6157372,-0.58991843,-0.000794654
0.03349871,-1.0957009,-0.6157372,-0.58991843,-0.000794654
0.036531534,-1.0957009,-0.6157372,-0.58991843,-0.000794654
0.040811222,-1.0957009,-0.6157372,-0.58991843,-0.000794654
0.046697605,-1.095701,-0.6157372,-0.58991843,-0.000794654
0.054733057,-1.095701,-0.6157372,-0.58991843,-0.000794654
0.06573817,-1.0957009,-0.6157372,-0.58991843,-0.000794654
0.080969594,-1.0957009,-0.6157372,-0.58991843,-0.000794654
0.10238263,-1.0957009,-0.6157372,-0.58991843,-0.000794654
0.13307387,-1.0957009,-0.6157372,-0.58991843,-0.000794654
0.17801924,-1.0957009,-0.6157372,-0.58991843,-0.000794654
0.24523674,-1.0957009,-0.6157372,-0.58991843,-0.000794654
0.34722206,-1.0957009,-0.6157372,-0.58991843,-0.000794654
0.50072193,-1.0957009,-0.6157372,-0.58991843,-0.000794654
0.7156953,-1.0957009,-0.6157372,-0.58991843,-0.000794654
0.9513929,-1.0957009,-0.6157372,-0.58991843,-0.000794654
1.0659189,-1.0957009,-0.6157372,-0.58991843,-0.000794654
1.6271386,-1.2425405,-0.7001728,-0.66532415,-0.0029399388
1.1376755,-1.2425405,-0.7001728,-0.66532415,-0.0029399388
0.59161717,-1.2425405,-0.7001728,-0.66532415,-0.0029399388
0.32274693,-1.2425405,-0.7001728,-0.66532415,-0.0029399388
0.19328769,-1.2425405,-0.7001728,-0.66532415,-0.0029399388
0.1251406,-1.2425405,-0.7001728,-0.66532415,-0.0029399388
0.08610293,-1.2425405,-0.7001728,-0.66532415,-0.0029399388
0.062189154,-1.2425405,-0.7001728,-0.66532415,-0.0029399388
0.04675547,-1.2425405,-0.7001728,-0.66532415,-0.0029399388
0.036379967,-1.2425405,-0.7001728,-0.66532415,-0.0029399388
0.029179603,-1.2425405,-0.7001728,-0.66532415,-0.0029399388
0.024061747,-1.2425405,-0.7001728,-0.66532415,-0.0029399388
0.020365132,-1.2425405,-0.7001728,-0.66532415,-0.0029399388
0.017676134,-1.2425405,-0.7001728,-0.66532415,-0.0029399388
0.015729807,-1.2425405,-0.7001728,-0.66532415,-0.0029399388
0.014354314,-1.2425405,-0.7001728,-0.66532415,-0.0029399388
0.01343877,-1.2425405,-0.7001728,-0.66532415,-0.0029399388
0.012914366,-1.2425405,-0.7001728,-0.66532415,-0.0029399388
0.012743543,-1.2425405,-0.7001728,-0.66532415,-0.0029399388
0.012914362,-1.2425406,-0.7001728,-0.66532415,-0.0029399425
0.013438766,-1.2425406,-0.7001728,-0.66532415,-0.0029399425
0.014354314,-1.2425405,-0.7001728,-0.66532415,-0.0029399388
0.015729802,-1.2425405,-0.7001728,-0.66532415,-0.0029399388
0.017676134,-1.2425405,-0.7001728,-0.66532415,-0.0029399388
0.020365132,-1.2425405,-0.7001728,-0.66532415,-0.0029399388
0.024061747,-1.2425405,-0.7001728,-0.66532415,-0.0029399388
0.029179603,-1.2425405,-0.7001728,-0.66532415,-0.0029399388
0.036379967,-1.2425405,-0.7001728,-0.66532415,-0.0029399388
0.046755474,-1.2425405,-0.7001728,-0.66532415,-0.0029399388
0.062189132,-1.2425405,-0.7001728,-0.66532415,-0.0029399388
0.086102925,-1.2425405,-0.7001728,-0.66532415,-0.0029399388
0.1251406,-1.2425405,-0.7001728,-0.66532415,-0.0029399388
0.1932877,-1.2425405,-0.7001728,-0.66532415,-0.0029399388
0.3227464,-1.2425405,-0.7001728,-0.66532415,-0.0029399388
0.5916172,-1.2425405,-0.7001728,-0.66532415,-0.0029399388
1.1376697,-1.2425405,-0.7001728,-0.66532415,-0.0029399388
1.6271386,-1.2425405,-0.7001728,-0.66532415,-0.0029399388
0.16785738,-1.4953,-0.83717763,-0.77754086,0.0091938125
0.15796342,-1.4953,-0.83717763,-0.77754086,0.0091938125
0.13460512,-1.4953,-0.83717763,-0.77754086,0.0091938125
0.10878619,-1.4953,-0.83717763,-0.77754086,0.0091938125
0.08676572,-1.4953,-0.83717763,-0.77754086,0.0091938125
0.069892794,-1.4953,-0.83717763,-0.77754086,0.0091938125
0.057455845,-1.4953,-0.83717763,-0.77754086,0.0091938125
0.048358846,-1.4953,-0.83717763,-0.77754086,0.0091938125
0.04166776,-1.4953,-0.83717763,-0.77754086,0.0091938125
0.036696237,-1.4953,-0.83717763,-0.77754086,0.0091938125
0.03296423,-1.4953,-0.83717763,-0.77754086,0.0091938125
0.03014053,-1.4953,-0.83717763,-0.77754086,0.0091938125
0.027996596,-1.4953,-0.83717763,-0.77754086,0.0091938125
0.026374016,-1.4953,-0.83717763,-0.77754086,0.0091938125
0.025162667,-1.4953002,-0.83717763,-0.77754086,0.00919382
0.02428623,-1.4953002,-0.83717763,-0.77754086,0.00919382
0.023692925,-1.4953,-0.83717763,-0.77754086,0.0091938125
0.023349361,-1.4953,-0.83717763,-0.77754086,0.0091938125
0.023236856,-1.4953,-0.83717763,-0.77754086,0.0091938125
0.023349361,-1.4953,-0.83717763,-0.77754086,0.0091938125
0.023692925,-1.4953,-0.83717763,-0.77754086,0.0091938125
0.024286222,-1.4953,-0.83717763,-0.77754086,0.0091938125
0.025162652,-1.4953,-0.83717763,-0.77754086,0.0091938125
0.026374016,-1.4953,-0.83717763,-0.77754086,0.0091938125
0.027996596,-1.4953,-0.83717763,-0.77754086,0.0091938125
0.03014053,-1.4953,-0.83717763,-0.77754086,0.0091938125
0.03296423,-1.4953,-0.83717763,-0.77754086,0.0091938125
0.036696237,-1.4953,-0.83717763,-0.77754086,0.0091938125
0.041667733,-1.4953,-0.83717763,-0.77754086,0.0091938125
0.04835884,-1.4953,-0.83717763,-0.77754086,0.0091938125
0.05745585,-1.4953,-0.83717763,-0.77754086,0.0091938125
0.06989272,-1.4953,-0.83717763,-0.77754086,0.0091938125
0.08676572,-1.4953,-0.83717763,-0.77754086,0.0091938125
0.10878619,-1.4953,-0.83717763,-0.77754086,0.0091938125
0.13460514,-1.4953,-0.83717763,-0.77754086,0.0091938125
0.15796342,-1.4953,-0.83717763,-0.77754086,0.0091938125
0.16785738,-1.4953,-0.83717763,-0.77754086,0.0091938125
0.057530444,-1.5262471,-0.8480196,-0.8118849,0.032566298
0.05717071,-1.5262471,-0.8480196,-0.8118849,0.032566298
0.056158647,-1.5262471,-0.8480196,-0.8118849,0.032566298
0.054667015,-1.5262471,-0.8480196,-0.8118849,0.032566298
0.05290854,-1.5262471,-0.8480196,-0.8118849,0.032566298
0.051074903,-1.5262471,-0.8480196,-0.8118849,0.032566298
0.049305145,-1.5262471,-0.8480196,-0.8118849,0.032566298
0.047682144,-1.5262471,-0.8480196,-0.8118849,0.032566298
0.046244465,-1.5262471,-0.8480196,-0.8118849,0.032566298
0.04500156,-1.5262471,-0.84801966,-0.81188494,0.03256629
0.043946538,-1.5262471,-0.84801966,-0.81188494,0.03256629
0.043064833,-1.5262471,-0.8480196,-0.8118849,0.032566298
0.04233956,-1.5262471,-0.8480196,-0.8118849,0.032566298
0.041754406,-1.5262471,-0.8480196,-0.8118849,0.032566298
0.041295048,-1.5262471,-0.8480196,-0.8118849,0.032566298
0.040949717,-1.5262471,-0.8480196,-0.8118849,0.032566298
0.040709384,-1.5262471,-0.8480196,-0.8118849,0.032566298
0.040567692,-1.5262471,-0.8480196,-0.8118849,0.032566298
0.040520873,-1.5262471,-0.8480196,-0.8118849,0.032566298
0.040567692,-1.5262471,-0.8480196,-0.8118849,0.032566298
0.040709384,-1.5262471,-0.8480196,-0.8118849,0.032566298
0.040949717,-1.5262471,-0.8480196,-0.8118849,0.032566298
0.041295048,-1.5262471,-0.8480196,-0.8118849,0.032566298
0.041754406,-1.5262471,-0.8480196,-0.8118849,0.032566298
0.04233956,-1.5262471,-0.8480196,-0.8118849,0.032566298
0.043064833,-1.5262471,-0.8480196,-0.8118849,0.032566298
0.043946546,-1.5262471,-0.8480196,-0.8118849,0.032566298
0.045001566,-1.5262471,-0.8480196,-0.8118849,0.032566298
0.046244465,-1.5262471,-0.8480196,-0.8118849,0.032566298
0.047682144,-1.5262471,-0.8480196,-0.8118849,0.032566298
0.049305145,-1.5262471,-0.8480196,-0.8118849,0.032566298
0.0510749,-1.5262471,-0.8480196,-0.8118849,0.032566298
0.052908514,-1.5262471,-0.8480196,-0.8118849,0.032566298
0.054667015,-1.5262471,-0.8480196,-0.8118849,0.032566298
0.056158647,-1.5262471,-0.8480196,-0.8118849,0.032566298
0.05717071,-1.5262471,-0.8480196,-0.8118849,0.032566298
0.057530444,-1.5262471,-0.8480196,-0.8118849,0.032566298
1.51384,-1.2302686,-0.6904757,-0.6661338,-0.005573064
1.0335913,-1.2302686,-0.6904757,-0.6661338,-0.005573064
0.5194062,-1.2302686,-0.6904757,-0.6661338,-0.005573064
0.27488965,-1.2302686,-0.6904757,-0.6661338,-0.005573064
0.15978378,-1.2302686,-0.6904757,-0.6661339,-0.0055730687
0.10030627,-1.2302686,-0.6904757,-0.6661339,-0.0055730687
0.06681902,-1.2302686,-0.6904757,-0.6661338,-0.005573064
0.046631552,-1.2302686,-0.6904757,-0.6661338,-0.005573064
0.033785433,-1.2302686,-0.6904757,-0.6661338,-0.005573064
0.025250074,-1.2302686,-0.6904757,-0.6661338,-0.005573064
0.019380853,-1.2302686,-0.6904757,-0.6661338,-0.005573064
0.015237333,-1.2302686,-0.6904757,-0.6661338,-0.005573064
0.012258472,-1.2302686,-0.6904757,-0.6661338,-0.005573064
0.010098062,-1.2302686,-0.6904757,-0.6661338,-0.005573064
0.008537037,-1.2302686,-0.6904757,-0.6661338,-0.005573064
0.007434779,-1.2302686,-0.6904757,-0.6661338,-0.005573064
0.0067013334,-1.2302686,-0.6904757,-0.6661338,-0.005573064
0.0062812623,-1.2302686,-0.6904757,-0.6661338,-0.005573064
0.006144421,-1.2302686,-0.6904757,-0.6661338,-0.005573064
0.0062812623,-1.2302686,-0.6904757,-0.6661338,-0.005573064
0.0067013334,-1.2302686,-0.6904757,-0.6661338,-0.005573064
0.00743478,-1.2302686,-0.6904757,-0.6661338,-0.005573064
0.008537035,-1.2302686,-0.6904757,-0.6661338,-0.005573064
0.010098062,-1.2302686,-0.6904757,-0.6661338,-0.005573064
0.012258472,-1.2302686,-0.6904757,-0.6661338,-0.005573064
0.015237333,-1.2302686,-0.6904757,-0.6661338,-0.005573064
0.019380853,-1.2302686,-0.6904757,-0.6661338,-0.005573064
0.025250072,-1.2302686,-0.6904757,-0.6661338,-0.005573064
0.033785436,-1.2302686,-0.6904757,-0.6661338,-0.005573064
0.04663152,-1.2302686,-0.6904757,-0.6661338,-0.005573064
0.06681901,-1.2302686,-0.6904757,-0.6661338,-0.005573064
0.10030608,-1.2302686,-0.6904757,-0.6661338,-0.005573064
0.15978363,-1.2302686,-0.6904757,-0.6661338,-0.005573064
0.274889,-1.2302686,-0.6904757,-0.6661338,-0.005573064
0.51940525,-1.2302686,-0.6904757,-0.6661338,-0.005573064
1.0335914,-1.2302686,-0.6904757,-0.6661338,-0.005573064
1.51384,-1.2302686,-0.6904757,-0.6661339,-0.0055730687
0.18431553,-1.2961324,-0.72022617,-0.6990456,0.0022692315
0.17212148,-1.2961322,-0.7202261,-0.69904566,0.0022692408
0.14346102,-1.2961322,-0.7202261,-0.69904566,0.0022692408
0.112041265,-1.2961322,-0.7202261,-0.69904566,0.0022692408
0.08554815,-1.2961322,-0.7202261,-0.69904566,0.0022692408
0.06553212,-1.2961322,-0.7202261,-0.69904566,0.0022692408
0.05101536,-1.2961322,-0.7202261,-0.69904566,0.0022692408
0.040580325,-1.2961322,-0.7202261,-0.69904566,0.0022692408
0.033039235,-1.2961322,-0.7202261,-0.69904566,0.0022692408
0.027530083,-1.2961322,-0.7202261,-0.69904566,0.0022692408
0.02345781,-1.2961322,-0.7202261,-0.69904566,0.0022692408
0.020417904,-1.2961322,-0.7202261,-0.69904566,0.0022692408
0.018135723,-1.2961322,-0.7202261,-0.69904566,0.0022692408
0.016424125,-1.2961322,-0.7202261,-0.69904566,0.0022692408
0.01515523,-1.2961322,-0.7202261,-0.69904566,0.0022692408
0.014241918,-1.2961322,-0.7202261,-0.69904566,0.0022692408
0.013625867,-1.2961322,-0.7202261,-0.69904566,0.0022692408
0.013269936,-1.2961322,-0.7202261,-0.69904566,0.0022692408
0.013153494,-1.2961322,-0.7202261,-0.69904566,0.0022692408
0.013269936,-1.2961322,-0.7202261,-0.69904566,0.0022692408
0.013625867,-1.2961322,-0.7202261,-0.69904566,0.0022692408
0.014241919,-1.2961322,-0.7202261,-0.69904566,0.0022692408
0.015155228,-1.2961322,-0.7202261,-0.69904566,0.0022692408
0.016424125,-1.2961322,-0.7202261,-0.69904566,0.0022692408
0.018135723,-1.2961322,-0.7202261,-0.69904566,0.0022692408
0.020417904,-1.2961322,-0.7202261,-0.69904566,0.0022692408
0.02345781,-1.2961322,-0.7202261,-0.69904566,0.0022692408
0.027530085,-1.2961322,-0.7202261,-0.69904566,0.0022692408
0.033039227,-1.2961322,-0.7202261,-0.69904566,0.0022692408
0.040580314,-1.2961322,-0.7202261,-0.69904566,0.0022692408
0.05101536,-1.2961322,-0.7202261,-0.69904566,0.0022692408
0.06553207,-1.2961324,-0.72022617,-0.6990456,0.0022692315
0.08554803,-1.2961324,-0.72022617,-0.6990456,0.0022692315
0.112041086,-1.2961322,-0.7202261,-0.69904566,0.0022692408
0.14346102,-1.2961322,-0.7202261,-0.69904566,0.0022692408
0.17212126,-1.2961322,-0.7202261,-0.69904566,0.0022692408
0.18431555,-1.2961322,-0.7202261,-0.69904566,0.0022692408
0.42943397,-1.2584071,-0.7056104,-0.6673395,-0.0010830939
0.3904366,-1.2584071,-0.7056104,-0.6673395,-0.0010830939
0.3061702,-1.2584071,-0.7056104,-0.6673395,-0.0010830939
0.22407551,-1.2584071,-0.7056104,-0.6673395,-0.0010830939
0.16189666,-1.2584071,-0.7056104,-0.6673395,-0.0010830939
0.118599534,-1.2584071,-0.7056104,-0.6673395,-0.0010830939
0.08896916,-1.2584071,-0.7056104,-0.6673395,-0.0010830939
0.06852485,-1.2584071,-0.7056104,-0.6673395,-0.0010830939
0.054180812,-1.2584071,-0.7056104,-0.6673395,-0.0010830939
0.043932263,-1.2584071,-0.7056104,-0.6673395,-0.0010830939
0.036488384,-1.2584071,-0.7056104,-0.6673395,-0.0010830939
0.031011026,-1.2584071,-0.7056104,-0.6673395,-0.0010830939
0.026948616,-1.2584071,-0.7056104,-0.6673395,-0.0010830939
0.02393327,-1.2584071,-0.7056104,-0.6673395,-0.0010830939
0.02171725,-1.2584071,-0.7056104,-0.6673395,-0.0010830939
0.020133503,-1.2584071,-0.7056104,-0.6673395,-0.0010830939
0.019071026,-1.2584071,-0.7056104,-0.6673395,-0.0010830939
0.01845942,-1.2584071,-0.7056104,-0.6673395,-0.0010830939
0.018259708,-1.2584071,-0.7056104,-0.6673395,-0.0010830939
0.01845942,-1.2584071,-0.7056104,-0.6673395,-0.0010830939
0.019071028,-1.2584071,-0.7056104,-0.6673395,-0.0010830939
0.020133503,-1.2584071,-0.7056104,-0.6673395,-0.0010830939
0.02171724,-1.2584071,-0.7056104,-0.6673395,-0.0010830939
0.02393327,-1.2584071,-0.7056104,-0.6673395,-0.0010830939
0.026948616,-1.2584071,-0.7056104,-0.6673395,-0.0010830939
0.03101103,-1.2584071,-0.7056104,-0.6673395,-0.0010830939
0.036488354,-1.258407,-0.7056104,-0.6673395,-0.0010831032
0.04393226,-1.258407,-0.7056104,-0.6673395,-0.0010831032
0.05418077,-1.2584071,-0.7056104,-0.6673395,-0.0010830939
0.06852482,-1.2584071,-0.7056104,-0.6673395,-0.0010830939
0.08896916,-1.2584071,-0.7056104,-0.6673395,-0.0010830939
0.11859951,-1.2584071,-0.7056104,-0.6673395,-0.0010830939
0.16189648,-1.2584071,-0.7056104,-0.6673395,-0.0010830939
0.22407548,-1.2584071,-0.7056104,-0.6673395,-0.0010830939
0.30617023,-1.2584071,-0.7056104,-0.6673395,-0.0010830939
0.39043656,-1.2584071,-0.7056104,-0.6673395,-0.0010830939
0.42943397,-1.2584071,-0.7056104,-0.6673395,-0.0010830939
0.37709442,-1.1388941,-0.632164,-0.62025803,-0.0072753318
0.3503355,-1.1388941,-0.632164,-0.62025803,-0.0072753318
0.28746444,-1.1388941,-0.632164,-0.62025803,-0.0072753318
0.21869473,-1.1388941,-0.632164,-0.62025803,-0.0072753318
0.16103482,-1.1388941,-0.632164,-0.62025803,-0.0072753318
0.1178776,-1.1388941,-0.632164,-0.62025803,-0.0072753318
0.086964294,-1.1388941,-0.632164,-0.62025803,-0.0072753318
0.065061316,-1.1388941,-0.632164,-0.62025803,-0.0072753318
0.049473286,-1.1388941,-0.632164,-0.62025803,-0.0072753318
0.038257662,-1.1388941,-0.632164,-0.62025803,-0.0072753318
0.03008617,-1.1388941,-0.632164,-0.62025803,-0.0072753318
0.024065908,-1.1388941,-0.632164,-0.62025803,-0.0072753318
0.019598138,-1.1388941,-0.632164,-0.62025803,-0.0072753318
0.016280074,-1.1388941,-0.632164,-0.62025803,-0.0072753318
0.013839856,-1.1388941,-0.632164,-0.62025803,-0.0072753318
0.012094429,-1.1388941,-0.632164,-0.62025803,-0.0072753318
0.010922493,-1.1388941,-0.632164,-0.62025803,-0.0072753318
0.010247417,-1.1388941,-0.632164,-0.62025803,-0.0072753318
0.0100268945,-1.1388941,-0.632164,-0.62025803,-0.0072753318
0.010247417,-1.1388941,-0.632164,-0.62025803,-0.0072753318
0.010922488,-1.1388941,-0.632164,-0.62025803,-0.0072753318
0.012094418,-1.1388942,-0.63216394,-0.62025803,-0.007275341
0.0138398465,-1.1388942,-0.63216394,-0.62025803,-0.007275341
0.016280074,-1.1388941,-0.632164,-0.62025803,-0.0072753318
0.019598138,-1.1388941,-0.632164,-0.62025803,-0.0072753318
0.024065908,-1.1388941,-0.632164,-0.62025803,-0.0072753318
0.030086156,-1.1388941,-0.632164,-0.62025803,-0.0072753318
0.038257662,-1.1388941,-0.632164,-0.62025803,-0.0072753318
0.04947327,-1.1388941,-0.632164,-0.62025803,-0.0072753318
0.065061316,-1.1388941,-0.632164,-0.62025803,-0.0072753318
0.086964175,-1.1388941,-0.632164,-0.62025803,-0.0072753318
0.11787748,-1.1388941,-0.632164,-0.62025803,-0.0072753318
0.16103467,-1.1388941,-0.632164,-0.62025803,-0.0072753318
0.21869475,-1.1388941,-0.632164,-0.62025803,-0.0072753318
0.2874643,-1.1388941,-0.632164,-0.62025803,-0.0072753318
0.35033554,-1.1388941,-0.632164,-0.62025803,-0.0072753318
0.37709442,-1.1388941,-0.632164,-0.62025803,-0.0072753318
0.6757854,-1.3561676,-0.7627238,-0.71170753,-0.00018653017
0.55868703,-1.3561676,-0.7627238,-0.71170753,-0.00018653017
0.36705893,-1.3561676,-0.7627238,-0.71170753,-0.00018653017
0.2329503,-1.3561676,-0.7627238,-0.71170753,-0.00018653017
0.15374944,-1.3561676,-0.7627238,-0.71170753,-0.00018653017
0.106861666,-1.3561676,-0.7627238,-0.71170753,-0.00018653017
0.07791117,-1.3561676,-0.7627238,-0.71170753,-0.00018653017
0.0592047,-1.3561676,-0.7627238,-0.71170753,-0.00018653017
0.046625152,-1.3561676,-0.7627238,-0.71170753,-0.00018653017
0.037883595,-1.3561676,-0.7627238,-0.71170753,-0.00018653017
0.031649847,-1.3561676,-0.7627238,-0.71170753,-0.00018653017
0.027118865,-1.3561676,-0.7627238,-0.71170753,-0.00018653017
0.02378594,-1.3561676,-0.7627238,-0.71170753,-0.00018653017
0.02132581,-1.3561676,-0.7627238,-0.71170753,-0.00018653017
0.019524656,-1.3561676,-0.7627238,-0.71170753,-0.00018653017
0.018240707,-1.3561676,-0.7627238,-0.71170753,-0.00018653017
0.017380765,-1.3561674,-0.76272374,-0.71170753,-0.00018655625
0.016886268,-1.3561674,-0.76272374,-0.71170753,-0.00018655625
0.016724905,-1.3561676,-0.7627238,-0.71170753,-0.00018653017
0.016886294,-1.3561676,-0.7627238,-0.71170753,-0.00018653017
0.01738079,-1.3561676,-0.7627238,-0.71170753,-0.00018653017
0.018240707,-1.3561676,-0.7627238,-0.71170753,-0.00018653017
0.01952465,-1.3561676,-0.7627238,-0.71170753,-0.00018653017
0.02132581,-1.3561676,-0.7627238,-0.71170753,-0.00018653017
0.02378594,-1.3561676,-0.7627238,-0.71170753,-0.00018653017
0.027118867,-1.3561676,-0.7627238,-0.71170753,-0.00018653017
0.031649847,-1.3561676,-0.7627238,-0.71170753,-0.00018653017
0.037883595,-1.3561676,-0.7627238,-0.71170753,-0.00018653017
0.0466251,-1.3561676,-0.7627238,-0.71170753,-0.00018653017
0.05920461,-1.3561676,-0.7627238,-0.71170753,-0.00018653017
0.07791111,-1.3561676,-0.7627238,-0.71170753,-0.00018653017
0.106861554,-1.3561676,-0.7627238,-0.71170753,-0.00018653017
0.15374899,-1.3561676,-0.7627238,-0.71170753,-0.00018653017
0.23295031,-1.3561676,-0.7627238,-0.71170753,-0.00018653017
0.36705765,-1.3561676,-0.7627238,-0.71170753,-0.00018653017
0.5586844,-1.3561676,-0.7627238,-0.71170753,-0.00018653017
0.6757854,-1.3561676,-0.7627238,-0.71170753,-0.00018653017
0.19908087,-1.298638,-0.72199017,-0.70019954,0.0018028121
0.18461472,-1.298638,-0.72199017,-0.70019954,0.0018028121
0.15135874,-1.298638,-0.72199017,-0.70019954,0.0018028121
0.11606103,-1.298638,-0.72199017,-0.70019954,0.0018028121
0.08720733,-1.298638,-0.72199017,-0.70019954,0.0018028121
0.06594619,-1.298638,-0.72199017,-0.70019954,0.0018028121
0.050813757,-1.298638,-0.72199017,-0.70019954,0.0018028121
0.04008636,-1.298638,-0.72199017,-0.70019954,0.0018028121
0.03241352,-1.298638,-0.72199017,-0.70019954,0.0018028121
0.026851252,-1.298638,-0.72199017,-0.70019954,0.0018028121
0.0227637,-1.298638,-0.72199017,-0.70019954,0.0018028121
0.019725962,-1.2986381,-0.7219902,-0.70019954,0.0018028195
0.017453179,-1.2986381,-0.7219902,-0.70019954,0.0018028195
0.015753062,-1.298638,-0.72199017,-0.70019954,0.0018028121
0.0144951735,-1.298638,-0.72199017,-0.70019954,0.0018028121
0.013591098,-1.298638,-0.72199017,-0.70019954,0.0018028121
0.012981901,-1.298638,-0.72199017,-0.70019954,0.0018028121
0.0126301665,-1.298638,-0.72199017,-0.70019954,0.0018028121
0.012515134,-1.298638,-0.72199017,-0.70019954,0.0018028121
0.0126301665,-1.298638,-0.72199017,-0.70019954,0.0018028121
0.012981901,-1.298638,-0.72199017,-0.70019954,0.0018028121
0.013591098,-1.298638,-0.72199017,-0.70019954,0.0018028121
0.014495169,-1.298638,-0.72199017,-0.70019954,0.0018028121
0.015753062,-1.298638,-0.72199017,-0.70019954,0.0018028121
0.017453171,-1.298638,-0.72199017,-0.70019954,0.0018028121
0.019725954,-1.298638,-0.72199017,-0.70019954,0.0018028121
0.022763688,-1.298638,-0.72199017,-0.70019954,0.0018028121
0.026851254,-1.298638,-0.72199017,-0.70019954,0.0018028121
0.03241351,-1.298638,-0.72199017,-0.70019954,0.0018028121
0.04008636,-1.298638,-0.72199017,-0.70019954,0.0018028121
0.050813705,-1.298638,-0.72199017,-0.70019954,0.0018028121
0.06594619,-1.298638,-0.72199017,-0.70019954,0.0018028121
0.087207325,-1.298638,-0.72199017,-0.70019954,0.0018028121
0.11606104,-1.298638,-0.72199017,-0.70019954,0.0018028121
0.15135875,-1.298638,-0.72199017,-0.70019954,0.0018028121
0.1846147,-1.298638,-0.72199017,-0.70019954,0.0018028121
0.19908087,-1.298638,-0.72199017,-0.70019954,0.0018028121
0.09727322,-1.3880163,-0.76947904,-0.74909365,0.016668355
0.09364465,-1.3880163,-0.76947904,-0.74909365,0.016668355
0.08447121,-1.3880163,-0.76947904,-0.74909365,0.016668355
0.073212504,-1.3880163,-0.76947904,-0.74909365,0.016668355
0.06253614,-1.3880163,-0.76947904,-0.74909365,0.016668355
0.053592384,-1.3880163,-0.76947904,-0.74909365,0.016668355
0.046532154,-1.3880163,-0.76947904,-0.7490936,0.016668348
0.04109922,-1.3880163,-0.76947904,-0.7490936,0.016668348
0.036951788,-1.3880163,-0.76947904,-0.74909365,0.016668355
0.033784304,-1.3880163,-0.76947904,-0.74909365,0.016668355
0.0313567,-1.3880163,-0.76947904,-0.74909365,0.016668355
0.029490221,-1.3880163,-0.76947904,-0.74909365,0.016668355
0.02805493,-1.3880163,-0.76947904,-0.74909365,0.016668355
0.026957508,-1.3880163,-0.76947904,-0.74909365,0.016668355
0.026131427,-1.3880163,-0.76947904,-0.74909365,0.016668355
0.02552987,-1.3880163,-0.76947904,-0.74909365,0.016668355
0.025120668,-1.3880163,-0.76947904,-0.74909365,0.016668355
0.024882948,-1.3880163,-0.76947904,-0.74909365,0.016668355
0.024804968,-1.3880163,-0.76947904,-0.74909365,0.016668355
0.024882948,-1.3880163,-0.76947904,-0.74909365,0.016668355
0.025120668,-1.3880163,-0.76947904,-0.74909365,0.016668355
0.02552987,-1.3880163,-0.76947904,-0.74909365,0.016668355
0.026131427,-1.3880163,-0.76947904,-0.74909365,0.016668355
0.026957508,-1.3880163,-0.76947904,-0.74909365,0.016668355
0.02805493,-1.3880163,-0.76947904,-0.74909365,0.016668355
0.029490221,-1.3880163,-0.76947904,-0.74909365,0.016668355
0.0313567,-1.3880163,-0.76947904,-0.74909365,0.016668355
0.033784304,-1.3880163,-0.76947904,-0.74909365,0.016668355
0.036951784,-1.3880163,-0.76947904,-0.74909365,0.016668355
0.04109923,-1.3880163,-0.76947904,-0.74909365,0.016668355
0.046532135,-1.3880163,-0.76947904,-0.74909365,0.016668355
0.05359237,-1.3880163,-0.76947904,-0.74909365,0.016668355
0.06253612,-1.3880163,-0.76947904,-0.74909365,0.016668355
0.073212504,-1.3880163,-0.76947904,-0.74909365,0.016668355
0.08447121,-1.3880163,-0.76947904,-0.74909365,0.016668355
0.09364457,-1.3880163,-0.76947904,-0.74909365,0.016668355
0.09727322,-1.3880163,-0.76947904,-0.74909365,0.016668355
1.0192177,-1.1403632,-0.6532879,-0.61426646,0.010136749
0.89935046,-1.1403632,-0.6532879,-0.61426646,0.0101367505
0.6624769,-1.1403632,-0.6532879,-0.61426646,0.0101367505
0.45726028,-1.1403632,-0.6532879,-0.61426646,0.010136749
0.31666195,-1.1403632,-0.6532879,-0.61426646,0.010136749
0.22586827,-1.1403632,-0.6532879,-0.61426646,0.010136749
0.16714802,-1.1403632,-0.6532879,-0.61426646,0.010136749
0.12838027,-1.1403632,-0.6532879,-0.61426646,0.010136749
0.10213905,-1.1403632,-0.6532879,-0.61426646,0.010136749
0.08394619,-1.1403632,-0.6532879,-0.61426646,0.010136749
0.071066976,-1.1403632,-0.6532879,-0.61426646,0.010136749
0.06179663,-1.1403632,-0.6532879,-0.61426646,0.010136749
0.05504933,-1.1403632,-0.6532879,-0.61426646,0.010136749
0.050120164,-1.1403632,-0.6532879,-0.61426646,0.010136749
0.04654494,-1.1403632,-0.6532879,-0.61426646,0.010136749
0.044016454,-1.1403632,-0.6532879,-0.61426646,0.010136749
0.042333446,-1.1403632,-0.6532879,-0.61426646,0.010136749
0.041369673,-1.1403632,-0.6532879,-0.61426646,0.010136749
0.04105579,-1.1403632,-0.6532879,-0.61426646,0.010136749
0.041369673,-1.1403632,-0.6532879,-0.61426646,0.010136749
0.042333446,-1.1403632,-0.6532879,-0.61426646,0.010136749
0.044016454,-1.1403632,-0.6532879,-0.61426646,0.010136749
0.04654494,-1.1403632,-0.6532879,-0.61426646,0.010136749
0.050120164,-1.1403632,-0.6532879,-0.61426646,0.010136749
0.05504933,-1.1403632,-0.6532879,-0.61426646,0.010136749
0.061796635,-1.1403632,-0.6532879,-0.61426646,0.010136749
0.071066976,-1.1403632,-0.6532879,-0.61426646,0.010136749
0.0839462,-1.1403632,-0.6532879,-0.61426646,0.010136749
0.10213901,-1.1403632,-0.6532879,-0.61426646,0.010136749
0.12838021,-1.1403632,-0.6532879,-0.61426646,0.010136749
0.16714802,-1.1403632,-0.6532879,-0.61426646,0.010136749
0.2258681,-1.1403632,-0.6532879,-0.61426646,0.010136749
0.31666163,-1.1403632,-0.6532879,-0.61426646,0.010136749
0.45725968,-1.1403632,-0.6532879,-0.61426646,0.0101367505
0.66247696,-1.1403632,-0.6532879,-0.61426646,0.0101367505
0.89935046,-1.1403632,-0.6532879,-0.61426646,0.010136749
1.0192177,-1.1403632,-0.6532879,-0.61426646,0.010136749
0.20305118,-1.6389811,-0.91896176,-0.8470705,0.013192848
0.18432172,-1.6389811,-0.91896176,-0.8470705,0.013192848
0.1455225,-1.6389811,-0.91896176,-0.8470705,0.013192848
0.10972279,-1.6389811,-0.91896176,-0.8470705,0.013192848
0.08374822,-1.6389811,-0.91896176,-0.8470705,0.013192848
0.066126555,-1.6389811,-0.91896176,-0.8470705,0.013192848
0.054207698,-1.6389811,-0.91896176,-0.8470705,0.013192848
0.04599399,-1.6389811,-0.91896176,-0.8470705,0.013192848
0.040196523,-1.6389811,-0.91896176,-0.8470705,0.013192848
0.036010366,-1.6389811,-0.91896176,-0.8470705,0.013192848
0.03292966,-1.6389811,-0.91896176,-0.8470705,0.013192848
0.030630626,-1.6389811,-0.91896176,-0.8470705,0.013192848
0.028901592,-1.6389811,-0.91896176,-0.8470705,0.013192848
0.027601544,-1.6389811,-0.91896176,-0.8470705,0.013192848
0.026635274,-1.6389811,-0.91896176,-0.8470705,0.013192848
0.025938243,-1.6389811,-0.91896176,-0.8470705,0.013192848
0.025467273,-1.6389811,-0.91896176,-0.8470705,0.013192848
0.025194872,-1.6389811,-0.91896176,-0.8470705,0.013192848
0.025105713,-1.6389811,-0.91896176,-0.8470705,0.013192848
0.025194872,-1.6389811,-0.91896176,-0.8470705,0.013192848
0.025467273,-1.6389811,-0.91896176,-0.8470705,0.013192848
0.025938235,-1.6389811,-0.91896176,-0.8470705,0.013192848
0.026635274,-1.6389811,-0.91896176,-0.8470705,0.013192848
0.027601544,-1.6389811,-0.91896176,-0.8470705,0.013192848
0.028901592,-1.6389811,-0.91896176,-0.8470705,0.013192848
0.030630626,-1.6389811,-0.91896176,-0.8470705,0.013192848
0.032929655,-1.6389811,-0.91896176,-0.8470705,0.013192848
0.036010366,-1.6389811,-0.91896176,-0.8470705,0.013192848
0.040196557,-1.638981,-0.9189619,-0.8470705,0.013192878
0.04599402,-1.638981,-0.9189619,-0.8470705,0.013192878
0.054207638,-1.6389811,-0.91896176,-0.8470705,0.013192848
0.066126466,-1.6389811,-0.91896176,-0.8470705,0.013192848
0.08374806,-1.6389811,-0.91896176,-0.8470705,0.013192848
0.109722525,-1.6389811,-0.91896176,-0.8470705,0.013192848
0.14552252,-1.6389811,-0.91896176,-0.8470705,0.013192848
0.18432172,-1.6389811,-0.91896176,-0.8470705,0.013192848
0.20305118,-1.6389811,-0.91896176,-0.8470705,0.013192848
0.10018227,-1.3973042,-0.76988286,-0.7615233,0.028928347
0.09688841,-1.3973042,-0.76988286,-0.7615233,0.028928347
0.08858901,-1.3973042,-0.76988286,-0.7615233,0.028928347
0.07845737,-1.3973042,-0.76988286,-0.7615233,0.028928347
0.068904944,-1.3973042,-0.76988286,-0.7615233,0.028928347
0.060943216,-1.3973042,-0.76988286,-0.7615233,0.028928347
0.054682724,-1.3973042,-0.76988286,-0.7615233,0.028928347
0.049877923,-1.3973042,-0.76988286,-0.7615233,0.028928347
0.046215385,-1.3973042,-0.76988286,-0.7615233,0.028928347
0.043419607,-1.3973042,-0.76988286,-0.7615233,0.028928347
0.04127631,-1.3973042,-0.76988286,-0.7615233,0.028928347
0.039627075,-1.3973042,-0.76988286,-0.7615233,0.028928347
0.0383574,-1.3973042,-0.76988286,-0.7615233,0.028928347
0.03738534,-1.3973042,-0.76988286,-0.7615233,0.028928347
0.03665268,-1.3973042,-0.76988286,-0.7615233,0.028928347
0.03611853,-1.3973042,-0.76988286,-0.7615233,0.028928347
0.03575483,-1.3973042,-0.76988286,-0.7615233,0.028928347
0.0355434,-1.3973042,-0.76988286,-0.7615233,0.028928347
0.03547402,-1.3973042,-0.76988286,-0.7615233,0.028928347
0.0355434,-1.3973042,-0.76988286,-0.7615233,0.028928347
0.03575483,-1.3973042,-0.76988286,-0.7615233,0.028928347
0.03611853,-1.3973042,-0.76988286,-0.7615233,0.028928347
0.03665268,-1.3973042,-0.76988286,-0.7615233,0.028928347
0.037385356,-1.3973043,-0.76988286,-0.7615233,0.02892836
0.038357414,-1.3973043,-0.76988286,-0.7615233,0.02892836
0.039627075,-1.3973042,-0.76988286,-0.7615233,0.028928347
0.04127631,-1.3973042,-0.76988286,-0.7615233,0.028928347
0.043419607,-1.3973042,-0.76988286,-0.7615233,0.028928347
0.046215385,-1.3973042,-0.76988286,-0.7615233,0.028928347
0.049877916,-1.3973042,-0.76988286,-0.7615233,0.028928347
0.054682724,-1.3973042,-0.76988286,-0.7615233,0.028928347
0.060943216,-1.3973042,-0.76988286,-0.7615233,0.028928347
0.0689049,-1.3973042,-0.76988286,-0.7615233,0.028928347
0.07845737,-1.3973042,-0.76988286,-0.7615233,0.028928347
0.08858903,-1.3973042,-0.76988286,-0.7615233,0.028928347
0.09688837,-1.3973042,-0.76988286,-0.7615233,0.028928347
0.10018227,-1.3973042,-0.76988286,-0.7615233,0.028928347
0.9374596,-1.2453588,-0.7020893,-0.6530737,0.0011191729
0.81096435,-1.2453588,-0.7020893,-0.6530737,0.0011191729
0.5761299,-1.2453588,-0.7020893,-0.6530737,0.0011191729
0.38706487,-1.2453588,-0.7020893,-0.6530737,0.0011191729
0.26404443,-1.2453588,-0.7020893,-0.6530737,0.0011191729
0.18678626,-1.2453588,-0.7020893,-0.6530737,0.0011191729
0.13736089,-1.2453588,-0.7020893,-0.6530737,0.0011191729
0.10473092,-1.2453588,-0.7020893,-0.6530737,0.0011191729
0.082502276,-1.2453588,-0.7020893,-0.6530737,0.0011191729
0.06693806,-1.2453588,-0.7020893,-0.6530737,0.0011191729
0.055793725,-1.2453588,-0.7020893,-0.6530737,0.0011191729
0.047678888,-1.2453588,-0.7020893,-0.6530737,0.0011191729
0.041707683,-1.2453588,-0.7020893,-0.6530737,0.0011191729
0.037302494,-1.2453588,-0.7020893,-0.6530737,0.0011191729
0.034080446,-1.2453588,-0.7020893,-0.6530737,0.0011191729
0.031786144,-1.2453588,-0.7020893,-0.6530737,0.0011191729
0.030251106,-1.2453588,-0.7020893,-0.6530737,0.0011191729
0.029369043,-1.2453588,-0.7020893,-0.6530737,0.0011191729
0.029081287,-1.2453588,-0.7020892,-0.65307367,0.0011191729
0.029369043,-1.2453588,-0.7020892,-0.65307367,0.0011191729
0.030251106,-1.2453588,-0.7020893,-0.6530737,0.0011191729
0.031786136,-1.2453588,-0.7020893,-0.6530737,0.0011191729
0.034080446,-1.2453588,-0.7020893,-0.6530737,0.0011191729
0.037302494,-1.2453588,-0.7020893,-0.6530737,0.0011191729
0.041707683,-1.2453588,-0.7020893,-0.6530737,0.0011191729
0.047678888,-1.2453588,-0.7020893,-0.6530737,0.0011191729
0.055793703,-1.2453588,-0.7020893,-0.6530737,0.0011191729
0.06693806,-1.2453588,-0.7020893,-0.6530737,0.0011191729
0.08250228,-1.2453588,-0.7020893,-0.6530737,0.0011191729
0.10473093,-1.2453588,-0.7020893,-0.6530737,0.0011191729
0.13736068,-1.2453588,-0.7020893,-0.6530737,0.0011191729
0.18678588,-1.2453588,-0.7020893,-0.6530737,0.0011191729
0.26404378,-1.2453588,-0.7020893,-0.6530737,0.0011191729
0.38706407,-1.2453588,-0.7020893,-0.6530737,0.0011191729
0.5761269,-1.2453588,-0.7020893,-0.6530737,0.0011191729
0.81096435,-1.2453588,-0.7020893,-0.6530737,0.0011191729
0.9374596,-1.2453588,-0.7020893,-0.6530737,0.0011191729
2.3848445,-1.0655085,-0.6002645,-0.5788712,-0.0024237505
1.895013,-1.0655085,-0.6002645,-0.5788712,-0.0024237505
1.1567234,-1.0655085,-0.6002645,-0.5788712,-0.0024237505
0.6838501,-1.0655085,-0.6002645,-0.5788712,-0.0024237505
0.42230177,-1.0655085,-0.6002645,-0.5788712,-0.0024237505
0.2752145,-1.0655085,-0.6002645,-0.5788712,-0.0024237505
0.18845926,-1.0655085,-0.6002645,-0.5788712,-0.0024237505
0.13478585,-1.0655085,-0.6002645,-0.5788712,-0.0024237505
0.10016004,-1.0655085,-0.6002645,-0.5788712,-0.0024237505
0.07701669,-1.0655085,-0.6002645,-0.5788712,-0.0024237505
0.061088737,-1.0655085,-0.6002645,-0.5788712,-0.0024237505
0.049870368,-1.0655085,-0.6002645,-0.5788712,-0.0024237505
0.041839324,-1.0655085,-0.6002645,-0.5788712,-0.0024237505
0.036044512,-1.0655085,-0.6002645,-0.5788713,-0.0024237523
0.031879198,-1.0655085,-0.6002645,-0.5788713,-0.0024237523
0.028952023,-1.0655085,-0.6002645,-0.5788712,-0.0024237505
0.027011843,-1.0655085,-0.6002645,-0.5788712,-0.0024237505
0.025903685,-1.0655085,-0.6002645,-0.5788712,-0.0024237505
0.025543211,-1.0655085,-0.6002645,-0.5788712,-0.0024237505
0.025903685,-1.0655085,-0.6002645,-0.5788712,-0.0024237505
0.027011842,-1.0655085,-0.6002645,-0.5788712,-0.0024237505
0.028952008,-1.0655085,-0.6002645,-0.5788712,-0.0024237505
0.031879198,-1.0655085,-0.6002645,-0.5788712,-0.0024237505
0.03604451,-1.0655085,-0.6002645,-0.5788712,-0.0024237505
0.041839324,-1.0655085,-0.6002645,-0.5788712,-0.0024237505
0.049870368,-1.0655085,-0.6002645,-0.5788712,-0.0024237505
0.061088737,-1.0655085,-0.6002645,-0.5788712,-0.0024237505
0.0770167,-1.0655085,-0.6002645,-0.5788712,-0.0024237505
0.10015995,-1.0655085,-0.6002645,-0.5788712,-0.0024237505
0.13478576,-1.0655085,-0.6002645,-0.5788712,-0.0024237505
0.18845908,-1.0655085,-0.6002645,-0.5788712,-0.0024237505
0.2752143,-1.0655085,-0.6002645,-0.5788712,-0.0024237505
0.4223014,-1.0655085,-0.6002645,-0.5788712,-0.0024237505
0.6838501,-1.0655085,-0.6002645,-0.5788712,-0.0024237505
1.1567215,-1.0655085,-0.6002645,-0.5788712,-0.0024237505
1.8950131,-1.0655085,-0.6002645,-0.5788712,-0.0024237505
2.3848445,-1.0655085,-0.6002645,-0.5788712,-0.0024237505
0.47557184,-1.0947479,-0.6100613,-0.59480894,-0.005814828
0.44674006,-1.0947479,-0.6100613,-0.59480894,-0.005814828
0.37671646,-1.0947479,-0.6100613,-0.59480894,-0.005814828
0.296161,-1.0947479,-0.6100613,-0.59480894,-0.005814828
0.22506699,-1.0947479,-0.6100613,-0.59480894,-0.005814828
0.16946778,-1.0947479,-0.6100613,-0.59480894,-0.005814828
0.12823161,-1.0947479,-0.6100613,-0.59480894,-0.005814828
0.09822537,-1.0947479,-0.6100613,-0.59480894,-0.005814828
0.07643955,-1.0947479,-0.6100613,-0.594809,-0.0058148494
0.060534045,-1.0947479,-0.6100613,-0.594809,-0.0058148494
0.04882485,-1.0947479,-0.6100613,-0.59480894,-0.005814828
0.040137153,-1.0947479,-0.6100613,-0.59480894,-0.005814828
0.033660624,-1.0947479,-0.6100613,-0.59480894,-0.005814828
0.028837916,-1.0947479,-0.6100613,-0.59480894,-0.005814828
0.025286313,-1.0947479,-0.6100613,-0.59480894,-0.005814828
0.022744613,-1.0947479,-0.6100613,-0.59480894,-0.005814828
0.021037908,-1.0947479,-0.6100613,-0.59480894,-0.005814828
0.020054892,-1.0947479,-0.6100613,-0.59480894,-0.005814828
0.019733818,-1.0947479,-0.6100613,-0.59480894,-0.005814828
0.020054892,-1.0947479,-0.6100613,-0.59480894,-0.005814828
0.021037908,-1.0947479,-0.6100613,-0.59480894,-0.005814828
0.02274461,-1.0947479,-0.6100613,-0.59480894,-0.005814828
0.025286315,-1.0947479,-0.6100613,-0.59480894,-0.005814828
0.028837916,-1.0947479,-0.6100613,-0.59480894,-0.005814828
0.033660624,-1.0947479,-0.6100613,-0.59480894,-0.005814828
0.04013715,-1.0947479,-0.6100613,-0.59480894,-0.005814828
0.04882485,-1.0947479,-0.6100613,-0.59480894,-0.005814828
0.060534067,-1.0947479,-0.6100613,-0.59480894,-0.005814828
0.076439574,-1.0947479,-0.6100613,-0.59480894,-0.005814828
0.09822536,-1.0947479,-0.6100613,-0.59480894,-0.005814828
0.12823161,-1.0947479,-0.6100613,-0.59480894,-0.005814828
0.16946775,-1.0947479,-0.6100613,-0.59480894,-0.005814828
0.22506684,-1.0947479,-0.6100613,-0.59480894,-0.005814828
0.296161,-1.0947479,-0.6100613,-0.59480894,-0.005814828
0.37671614,-1.0947479,-0.6100613,-0.59480894,-0.005814828
0.4467396,-1.0947479,-0.6100613,-0.59480894,-0.005814828
0.47557184,-1.0947479,-0.6100613,-0.59480894,-0.005814828
0.17926279,-1.6468378,-0.92502767,-0.8414882,0.015609232
0.17172663,-1.6468378,-0.92502767,-0.8414882,0.015609232
0.15292828,-1.6468378,-0.92502767,-0.8414882,0.015609232
0.13032277,-1.6468378,-0.92502767,-0.8414882,0.015609232
0.109316975,-1.6468378,-0.92502767,-0.8414882,0.015609232
0.09199979,-1.6468378,-0.92502767,-0.8414882,0.015609232
0.07847455,-1.6468378,-0.92502767,-0.8414882,0.015609232
0.06812867,-1.6468378,-0.92502767,-0.8414882,0.015609232
0.060251325,-1.6468378,-0.92502767,-0.8414882,0.015609232
0.05423813,-1.6468378,-0.92502767,-0.8414882,0.015609232
0.04962685,-1.6468378,-0.92502767,-0.8414882,0.015609232
0.04607799,-1.6468378,-0.92502767,-0.8414882,0.015609232
0.043346673,-1.6468378,-0.92502767,-0.8414882,0.015609232
0.041257076,-1.6468378,-0.92502767,-0.8414882,0.015609232
0.039683845,-1.6468378,-0.92502767,-0.8414882,0.015609232
0.038538247,-1.6468378,-0.92502767,-0.8414882,0.015609232
0.03775918,-1.6468378,-0.92502767,-0.8414882,0.015609232
0.03730665,-1.6468378,-0.92502767,-0.8414882,0.015609232
0.03715826,-1.6468378,-0.92502767,-0.8414882,0.015609232
0.03730665,-1.6468378,-0.92502767,-0.8414882,0.015609232
0.037759144,-1.6468378,-0.92502767,-0.8414882,0.015609232
0.038538247,-1.6468378,-0.92502767,-0.8414882,0.015609232
0.039683808,-1.6468378,-0.92502767,-0.8414882,0.015609232
0.041257076,-1.6468378,-0.92502767,-0.8414882,0.015609232
0.043346673,-1.6468378,-0.92502767,-0.8414882,0.015609232
0.04607799,-1.6468378,-0.92502767,-0.8414882,0.015609232
0.049626853,-1.6468378,-0.92502767,-0.8414882,0.015609232
0.05423813,-1.6468378,-0.92502767,-0.8414882,0.015609232
0.060251325,-1.6468378,-0.92502767,-0.8414882,0.015609232
0.06812867,-1.6468378,-0.92502767,-0.8414882,0.015609232
0.07847432,-1.6468378,-0.92502767,-0.8414882,0.015609232
0.09199979,-1.6468378,-0.92502767,-0.8414882,0.015609232
0.10931697,-1.6468378,-0.92502767,-0.8414882,0.015609232
0.13032277,-1.6468378,-0.92502767,-0.8414882,0.015609232
0.15292828,-1.6468378,-0.92502767,-0.8414882,0.015609232
0.17172663,-1.6468378,-0.92502767,-0.8414882,0.015609232
0.17926279,-1.6468378,-0.92502767,-0.8414882,0.015609232
0.22820906,-1.4803191,-0.82869685,-0.77567434,0.0049863113
0.2043307,-1.4803191,-0.82869685,-0.77567434,0.0049863113
0.15599687,-1.4803191,-0.82869685,-0.77567434,0.0049863113
0.11272371,-1.4803191,-0.82869685,-0.77567434,0.0049863113
0.08211648,-1.4803191,-0.82869685,-0.77567434,0.0049863113
0.061744485,-1.4803191,-0.82869685,-0.77567434,0.0049863113
0.048164267,-1.4803191,-0.82869685,-0.77567434,0.0049863113
0.038915426,-1.4803191,-0.82869685,-0.77567434,0.0049863113
0.032453448,-1.4803191,-0.82869685,-0.77567434,0.0049863113
0.02782964,-1.4803191,-0.82869685,-0.77567434,0.0049863113
0.024454676,-1.4803191,-0.82869685,-0.77567434,0.0049863113
0.021954577,-1.4803191,-0.82869685,-0.77567434,0.0049863113
0.020086538,-1.4803191,-0.82869685,-0.77567434,0.0049863113
0.018689845,-1.4803191,-0.82869685,-0.77567434,0.0049863113
0.01765659,-1.4803191,-0.82869685,-0.77567434,0.0049863113
0.016913995,-1.4803191,-0.82869685,-0.77567434,0.0049863113
0.016413655,-1.4803191,-0.82869685,-0.77567434,0.0049863113
0.016124785,-1.4803191,-0.82869685,-0.77567434,0.0049863113
0.016030317,-1.4803191,-0.82869685,-0.77567434,0.0049863113
0.016124785,-1.4803191,-0.82869685,-0.77567434,0.0049863113
0.016413655,-1.4803191,-0.82869685,-0.77567434,0.0049863113
0.016913995,-1.4803191,-0.82869685,-0.77567434,0.0049863113
0.017656583,-1.4803191,-0.82869685,-0.77567434,0.0049863113
0.018689845,-1.4803191,-0.82869685,-0.77567434,0.0049863113
0.020086538,-1.4803191,-0.82869685,-0.77567434,0.0049863113
0.02195457,-1.4803191,-0.82869685,-0.77567434,0.0049863113
0.02445468,-1.4803191,-0.82869685,-0.77567434,0.0049863113
0.02782964,-1.4803191,-0.82869685,-0.77567434,0.0049863113
0.032453448,-1.4803191,-0.82869685,-0.77567434,0.0049863113
0.038915407,-1.4803191,-0.82869685,-0.77567434,0.0049863113
0.048164282,-1.4803191,-0.82869685,-0.7756743,0.004986326
0.061744504,-1.4803191,-0.82869685,-0.7756743,0.004986326
0.08211637,-1.4803191,-0.82869685,-0.77567434,0.0049863113
0.112723716,-1.4803191,-0.82869685,-0.77567434,0.0049863113
0.15599686,-1.4803191,-0.82869685,-0.77567434,0.0049863113
0.2043307,-1.4803191,-0.82869685,-0.77567434,0.0049863113
0.22820906,-1.4803191,-0.82869685,-0.77567434,0.0049863113
0.12326904,-1.3873521,-0.7732999,-0.7360391,0.0077789435
0.11762035,-1.3873521,-0.7732999,-0.7360391,0.0077789435
0.103554286,-1.3873521,-0.7732999,-0.7360391,0.0077789435
0.0866974,-1.3873521,-0.7732999,-0.7360391,0.0077789435
0.07111074,-1.3873521,-0.7732999,-0.7360391,0.0077789435
0.058342066,-1.3873521,-0.7732999,-0.7360391,0.0077789435
0.048444495,-1.3873521,-0.7732999,-0.7360391,0.0077789435
0.040938076,-1.3873521,-0.7732999,-0.7360391,0.0077789435
0.035274502,-1.3873521,-0.7732999,-0.7360391,0.0077789435
0.03099097,-1.3873521,-0.7732999,-0.7360391,0.0077789435
0.027735222,-1.3873521,-0.7732999,-0.7360391,0.0077789435
0.025250185,-1.3873521,-0.7732999,-0.7360391,0.0077789435
0.02335148,-1.3873521,-0.7732999,-0.7360391,0.0077789435
0.021907892,-1.3873521,-0.7732999,-0.7360391,0.0077789435
0.020826485,-1.3873521,-0.7732999,-0.7360391,0.0077789435
0.020042129,-1.3873521,-0.7732999,-0.7360391,0.0077789435
0.019510217,-1.3873521,-0.7732999,-0.7360391,0.0077789435
0.019201849,-1.3873521,-0.7732999,-0.7360391,0.0077789435
0.0191008,-1.3873521,-0.7732999,-0.7360391,0.0077789435
0.019201849,-1.3873521,-0.7732999,-0.7360391,0.0077789435
0.019510217,-1.3873521,-0.7732999,-0.7360391,0.0077789435
0.020042129,-1.3873521,-0.7732999,-0.7360391,0.0077789435
0.020826485,-1.3873521,-0.7732999,-0.7360391,0.0077789435
0.021907892,-1.3873521,-0.7732999,-0.7360391,0.0077789435
0.02335148,-1.3873521,-0.7732999,-0.7360391,0.0077789435
0.025250193,-1.3873521,-0.7732999,-0.736039,0.007778953
0.027735233,-1.3873521,-0.7732999,-0.736039,0.007778953
0.03099097,-1.3873521,-0.7732999,-0.7360391,0.0077789435
0.035274502,-1.3873521,-0.7732999,-0.7360391,0.0077789435
0.04093805,-1.3873521,-0.7732999,-0.7360391,0.0077789435
0.048444465,-1.3873521,-0.7732999,-0.7360391,0.0077789435
0.058342032,-1.3873521,-0.7732999,-0.7360391,0.0077789435
0.07111069,-1.3873521,-0.7732999,-0.7360391,0.0077789435
0.086697236,-1.3873521,-0.7732999,-0.7360391,0.0077789435
0.10355427,-1.3873521,-0.7732999,-0.7360391,0.0077789435
0.11762036,-1.3873521,-0.7732999,-0.7360391,0.0077789435
0.12326904,-1.3873521,-0.7732999,-0.7360391,0.0077789435
0.5955018,-1.3545882,-0.7615213,-0.71084636,-7.616099e-05
0.503326,-1.3545882,-0.7615213,-0.71084636,-7.616099e-05
0.34327537,-1.3545882,-0.7615213,-0.71084636,-7.616099e-05
0.2238503,-1.3545882,-0.7615213,-0.71084636,-7.616099e-05
0.15021114,-1.3545882,-0.7615213,-0.71084636,-7.616099e-05
0.10546611,-1.3545882,-0.7615213,-0.71084636,-7.616099e-05
0.07739549,-1.3545882,-0.7615213,-0.71084636,-7.616099e-05
0.059072565,-1.3545882,-0.7615213,-0.71084636,-7.616099e-05
0.046667337,-1.3545882,-0.7615213,-0.71084636,-7.616099e-05
0.03800637,-1.3545882,-0.7615213,-0.71084636,-7.616099e-05
0.031809386,-1.3545882,-0.7615213,-0.71084636,-7.616099e-05
0.027294,-1.3545882,-0.7615213,-0.71084636,-7.616099e-05
0.023966452,-1.3545882,-0.7615213,-0.71084636,-7.616099e-05
0.021506917,-1.3545882,-0.7615213,-0.71084636,-7.616099e-05
0.019704351,-1.3545882,-0.7615213,-0.71084636,-7.616099e-05
0.018418407,-1.3545882,-0.7615213,-0.71084636,-7.616099e-05
0.017556714,-1.3545882,-0.7615213,-0.71084636,-7.616099e-05
0.017061017,-1.3545882,-0.7615213,-0.71084636,-7.616099e-05
0.016899202,-1.3545882,-0.7615213,-0.71084636,-7.616099e-05
0.017061017,-1.3545882,-0.7615213,-0.71084636,-7.616099e-05
0.017556723,-1.3545882,-0.7615213,-0.7108464,-7.615168e-05
0.018418416,-1.3545882,-0.7615213,-0.7108464,-7.615168e-05
0.019704351,-1.3545882,-0.7615213,-0.71084636,-7.616099e-05
0.021506917,-1.3545882,-0.7615213,-0.71084636,-7.616099e-05
0.023966452,-1.3545882,-0.7615213,-0.71084636,-7.616099e-05
0.02729399,-1.3545882,-0.7615213,-0.71084636,-7.616099e-05
0.031809386,-1.3545882,-0.7615213,-0.71084636,-7.616099e-05
0.03800637,-1.3545882,-0.7615213,-0.71084636,-7.616099e-05
0.04666732,-1.3545882,-0.7615213,-0.71084636,-7.616099e-05
0.059072524,-1.3545882,-0.7615213,-0.71084636,-7.616099e-05
0.077395484,-1.3545882,-0.7615213,-0.71084636,-7.616099e-05
0.10546612,-1.3545882,-0.7615213,-0.71084636,-7.616099e-05
0.15021116,-1.3545882,-0.7615213,-0.71084636,-7.616099e-05
0.22385031,-1.3545882,-0.7615213,-0.71084636,-7.616099e-05
0.34327435,-1.3545882,-0.7615213,-0.71084636,-7.616099e-05
0.50332606,-1.3545882,-0.7615213,-0.71084636,-7.616099e-05
0.5955018,-1.3545882,-0.7615213,-0.71084636,-7.616099e-05
0.2308053,-1.4409245,-0.80612516,-0.75943977,0.003860249
0.20598036,-1.4409245,-0.80612516,-0.75943977,0.003860249
0.156036,-1.4409245,-0.80612516,-0.75943977,0.003860249
0.11167309,-1.4409245,-0.80612516,-0.75943977,0.003860249
0.08051093,-1.4409245,-0.80612516,-0.75943977,0.003860249
0.059885453,-1.4409245,-0.80612516,-0.75943977,0.003860249
0.0462012,-1.4409245,-0.80612516,-0.75943977,0.003860249
0.03692097,-1.4409245,-0.80612516,-0.75943977,0.003860249
0.030462345,-1.4409245,-0.80612516,-0.75943977,0.003860249
0.02585753,-1.4409245,-0.80612516,-0.75943977,0.003860249
0.022507355,-1.4409245,-0.80612516,-0.75943977,0.003860249
0.020032693,-1.4409245,-0.80612516,-0.75943977,0.003860249
0.018188166,-1.4409245,-0.80612516,-0.75943977,0.003860249
0.016811822,-1.4409245,-0.80612516,-0.75943977,0.003860249
0.01579523,-1.4409245,-0.80612516,-0.75943977,0.003860249
0.015065514,-1.4409248,-0.80612516,-0.75943977,0.003860234
0.014574272,-1.4409248,-0.80612516,-0.75943977,0.003860234
0.014290835,-1.4409245,-0.80612516,-0.75943977,0.003860249
0.01419817,-1.4409245,-0.80612516,-0.75943977,0.003860249
0.014290835,-1.4409245,-0.80612516,-0.75943977,0.003860249
0.0145742865,-1.4409245,-0.80612516,-0.75943977,0.003860249
0.015065529,-1.4409245,-0.80612516,-0.75943977,0.003860249
0.015795233,-1.4409245,-0.80612516,-0.75943977,0.003860249
0.016811822,-1.4409245,-0.80612516,-0.75943977,0.003860249
0.018188166,-1.4409245,-0.80612516,-0.75943977,0.003860249
0.020032687,-1.4409245,-0.80612516,-0.75943977,0.003860249
0.022507356,-1.4409245,-0.80612516,-0.75943977,0.003860249
0.025857529,-1.4409245,-0.80612516,-0.75943977,0.003860249
0.030462323,-1.4409245,-0.80612516,-0.75943977,0.003860249
0.036920972,-1.4409245,-0.80612516,-0.75943977,0.003860249
0.046201203,-1.4409245,-0.80612516,-0.75943977,0.003860249
0.05988545,-1.4409245,-0.80612516,-0.75943977,0.003860249
0.08051084,-1.4409245,-0.80612516,-0.75943977,0.003860249
0.11167293,-1.4409245,-0.80612516,-0.75943977,0.003860249
0.156036,-1.4409245,-0.80612516,-0.75943977,0.003860249
0.20598038,-1.4409245,-0.80612516,-0.75943977,0.003860249
0.2308053,-1.4409245,-0.80612516,-0.75943977,0.003860249
0.78204733,-1.3943633,-0.7836664,-0.7355921,-0.00071095605
0.5801851,-1.3943633,-0.7836664,-0.7355921,-0.00071095605
0.32617474,-1.3943633,-0.7836664,-0.7355921,-0.00071095605
0.18782152,-1.3943633,-0.7836664,-0.7355921,-0.00071095605
0.11739572,-1.3943633,-0.7836664,-0.7355921,-0.00071095605
0.07902588,-1.3943633,-0.7836664,-0.7355921,-0.00071095605
0.056462247,-1.3943633,-0.7836664,-0.7355921,-0.00071095605
0.042319927,-1.3943633,-0.7836664,-0.7355921,-0.00071095605
0.032997753,-1.3943633,-0.7836664,-0.7355921,-0.00071095605
0.026606912,-1.3943633,-0.7836664,-0.7355921,-0.00071095605
0.022091955,-1.3943633,-0.7836664,-0.7355921,-0.000710943
0.01883138,-1.3943633,-0.7836664,-0.7355921,-0.000710943
0.016443545,-1.3943633,-0.7836664,-0.7355921,-0.00071095605
0.01468627,-1.3943633,-0.7836664,-0.7355921,-0.00071095605
0.013402219,-1.3943633,-0.7836664,-0.7355921,-0.00071095605
0.012488002,-1.3943633,-0.7836664,-0.7355921,-0.00071095605
0.011876176,-1.3943633,-0.7836664,-0.7355921,-0.00071095605
0.0115244845,-1.3943633,-0.7836664,-0.7355921,-0.00071095605
0.011409723,-1.3943633,-0.7836664,-0.7355921,-0.00071095605
0.0115244845,-1.3943633,-0.7836664,-0.7355921,-0.00071095605
0.011876176,-1.3943633,-0.7836664,-0.7355921,-0.00071095605
0.012488002,-1.3943633,-0.7836664,-0.7355921,-0.00071095605
0.013402219,-1.3943633,-0.7836664,-0.7355921,-0.00071095605
0.01468627,-1.3943633,-0.7836664,-0.7355921,-0.00071095605
0.016443545,-1.3943633,-0.7836664,-0.7355921,-0.00071095605
0.018831367,-1.3943633,-0.7836664,-0.7355921,-0.00071095605
0.022091933,-1.3943633,-0.7836664,-0.7355921,-0.00071095605
0.026606914,-1.3943633,-0.7836664,-0.7355921,-0.00071095605
0.03299772,-1.3943633,-0.7836664,-0.7355921,-0.00071095605
0.042319927,-1.3943633,-0.7836664,-0.7355921,-0.00071095605
0.05646225,-1.3943633,-0.7836664,-0.7355921,-0.00071095605
0.07902588,-1.3943633,-0.7836664,-0.7355921,-0.00071095605
0.11739554,-1.3943633,-0.7836664,-0.7355921,-0.00071095605
0.18782154,-1.3943633,-0.7836664,-0.7355921,-0.00071095605
0.32617477,-1.3943633,-0.7836664,-0.7355921,-0.00071095605
0.5801815,-1.3943633,-0.7836664,-0.7355921,-0.00071095605
0.78204733,-1.3943633,-0.7836664,-0.7355921,-0.00071095605
0.6971852,-1.3565136,-0.77233964,-0.70722467,-0.0015522961
0.61772966,-1.3565136,-0.77233964,-0.70722467,-0.0015522961
0.46047258,-1.3565136,-0.77233964,-0.70722467,-0.0015522961
0.3235827,-1.3565136,-0.77233964,-0.70722467,-0.0015522961
0.22889541,-1.3565136,-0.77233964,-0.70722467,-0.0015522961
0.16682471,-1.3565135,-0.7723396,-0.70722467,-0.0015522998
0.12586464,-1.3565135,-0.7723396,-0.70722467,-0.0015522998
0.098162994,-1.3565136,-0.77233964,-0.70722467,-0.0015522961
0.07890919,-1.3565136,-0.77233964,-0.70722467,-0.0015522961
0.065191165,-1.3565136,-0.77233964,-0.70722467,-0.0015522961
0.055216808,-1.3565136,-0.77233964,-0.70722467,-0.0015522961
0.04785486,-1.3565136,-0.77233964,-0.70722467,-0.0015522961
0.042373583,-1.3565136,-0.77233964,-0.70722467,-0.0015522961
0.0382892,-1.3565136,-0.77233964,-0.70722467,-0.0015522961
0.035277035,-1.3565136,-0.77233964,-0.70722467,-0.0015522961
0.033118192,-1.3565136,-0.77233964,-0.70722467,-0.0015522961
0.031666815,-1.3565136,-0.77233964,-0.70722467,-0.0015522961
0.03083017,-1.3565136,-0.77233964,-0.70722467,-0.0015522961
0.0305568,-1.3565136,-0.77233964,-0.70722467,-0.0015522961
0.03083017,-1.3565136,-0.77233964,-0.70722467,-0.0015522961
0.031666815,-1.3565136,-0.77233964,-0.70722467,-0.0015522961
0.033118192,-1.3565136,-0.77233964,-0.70722467,-0.0015522961
0.035277035,-1.3565136,-0.77233964,-0.70722467,-0.0015522961
0.0382892,-1.3565136,-0.77233964,-0.70722467,-0.0015522961
0.042373583,-1.3565136,-0.77233964,-0.70722467,-0.0015522961
0.04785486,-1.3565136,-0.77233964,-0.70722467,-0.0015522961
0.055216774,-1.3565136,-0.77233964,-0.70722467,-0.0015522961
0.06519117,-1.3565136,-0.77233964,-0.70722467,-0.0015522961
0.07890919,-1.3565136,-0.77233964,-0.70722467,-0.0015522961
0.098162994,-1.3565136,-0.77233964,-0.70722467,-0.0015522961
0.12586464,-1.3565136,-0.77233964,-0.70722467,-0.0015522961
0.1668247,-1.3565136,-0.77233964,-0.70722467,-0.0015522961
0.22889541,-1.3565136,-0.77233964,-0.70722467,-0.0015522961
0.3235827,-1.3565136,-0.77233964,-0.70722467,-0.0015522961
0.4604726,-1.3565136,-0.77233964,-0.70722467,-0.0015522961
0.61772966,-1.3565136,-0.77233964,-0.70722467,-0.0015522961
0.6971852,-1.3565136,-0.77233964,-0.70722467,-0.0015522961
2.597785,-1.109564,-0.6255944,-0.60086954,-0.00308078
1.9094586,-1.109564,-0.6255944,-0.60086954,-0.00308078
1.0475711,-1.109564,-0.6255944,-0.6008695,-0.0030807771
0.58199275,-1.109564,-0.6255944,-0.6008695,-0.0030807771
0.3480799,-1.109564,-0.6255944,-0.6008695,-0.0030807771
0.2230734,-1.109564,-0.6255944,-0.6008695,-0.0030807771
0.15137984,-1.109564,-0.6255944,-0.6008695,-0.0030807771
0.10772916,-1.109564,-0.6255944,-0.6008695,-0.0030807771
0.07983094,-1.109564,-0.6255944,-0.6008695,-0.0030807771
0.06128554,-1.109564,-0.6255944,-0.6008695,-0.0030807771
0.048561342,-1.109564,-0.6255944,-0.6008695,-0.0030807771
0.03961421,-1.109564,-0.6255944,-0.6008695,-0.0030807771
0.033213977,-1.109564,-0.6255944,-0.6008695,-0.0030807771
0.02859702,-1.109564,-0.6255944,-0.6008695,-0.0030807771
0.025278237,-1.109564,-0.6255944,-0.6008695,-0.0030807771
0.022945575,-1.109564,-0.6255944,-0.6008695,-0.0030807771
0.021399168,-1.109564,-0.6255944,-0.6008695,-0.0030807771
0.020515772,-1.109564,-0.6255944,-0.6008695,-0.0030807771
0.020228382,-1.109564,-0.6255944,-0.6008695,-0.0030807771
0.020515772,-1.109564,-0.6255944,-0.6008695,-0.0030807771
0.021399168,-1.109564,-0.6255944,-0.6008695,-0.0030807771
0.022945575,-1.109564,-0.6255944,-0.6008695,-0.0030807771
0.025278226,-1.109564,-0.6255944,-0.6008695,-0.0030807771
0.02859702,-1.109564,-0.6255944,-0.6008695,-0.0030807771
0.033213977,-1.109564,-0.6255944,-0.6008695,-0.0030807771
0.03961421,-1.109564,-0.6255944,-0.6008695,-0.0030807771
0.048561335,-1.109564,-0.6255944,-0.6008695,-0.0030807771
0.06128554,-1.109564,-0.6255944,-0.6008695,-0.0030807771
0.07983089,-1.109564,-0.6255944,-0.6008695,-0.0030807771
0.107729055,-1.109564,-0.6255944,-0.6008695,-0.0030807771
0.15137969,-1.109564,-0.6255944,-0.6008695,-0.0030807771
0.22307327,-1.109564,-0.6255944,-0.6008695,-0.0030807771
0.3480799,-1.109564,-0.6255944,-0.60086954,-0.00308078
0.5819921,-1.109564,-0.6255944,-0.60086954,-0.00308078
1.0475711,-1.109564,-0.6255944,-0.6008695,-0.0030807771
1.9094588,-1.109564,-0.6255944,-0.6008695,-0.0030807771
2.597785,-1.109564,-0.6255944,-0.6008695,-0.0030807771
2.0407221,-1.0116591,-0.56960905,-0.5505323,0.0010503193
1.768766,-1.0116591,-0.56960905,-0.5505323,0.0010503193
1.2523792,-1.0116591,-0.56960905,-0.5505323,0.0010503193
0.8270015,-1.0116591,-0.56960905,-0.5505323,0.0010503193
0.547633,-1.0116591,-0.56960905,-0.5505323,0.0010503193
0.37305334,-1.0116591,-0.56960905,-0.5505323,0.0010503193
0.26309767,-1.0116591,-0.56960905,-0.5505323,0.0010503193
0.19211343,-1.0116591,-0.56960905,-0.5505323,0.0010503193
0.14499049,-1.0116591,-0.56960905,-0.5505323,0.0010503193
0.11286601,-1.0116591,-0.56960905,-0.5505323,0.0010503193
0.09044944,-1.0116591,-0.56960905,-0.5505323,0.0010503193
0.0745074,-1.0116591,-0.56960905,-0.5505323,0.0010503193
0.06301742,-1.0116591,-0.56960905,-0.5505323,0.0010503193
0.05468817,-1.0116591,-0.56960905,-0.5505323,0.0010503193
0.04868235,-1.0116591,-0.56960905,-0.5505323,0.0010503193
0.044453036,-1.0116591,-0.56960905,-0.5505323,0.0010503193
0.0416462,-1.0116591,-0.56960905,-0.5505323,0.0010503193
0.0400418,-1.0116591,-0.56960905,-0.5505323,0.0010503193
0.039519753,-1.0116591,-0.56960905,-0.5505323,0.0010503193
0.0400418,-1.0116591,-0.56960905,-0.5505323,0.0010503193
0.041646197,-1.0116591,-0.56960905,-0.5505323,0.0010503193
0.044453036,-1.0116591,-0.56960905,-0.5505323,0.0010503193
0.04868235,-1.0116591,-0.56960905,-0.5505323,0.0010503193
0.05468817,-1.0116591,-0.56960905,-0.5505323,0.0010503193
0.06301742,-1.0116591,-0.56960905,-0.5505323,0.0010503193
0.074507385,-1.0116591,-0.56960905,-0.5505323,0.0010503193
0.09044944,-1.0116591,-0.56960905,-0.5505323,0.0010503193
0.112865984,-1.011659,-0.56960905,-0.5505322,0.0010503118
0.14499038,-1.011659,-0.56960905,-0.5505322,0.0010503118
0.19211343,-1.0116591,-0.56960905,-0.5505323,0.0010503193
0.26309744,-1.0116591,-0.56960905,-0.5505323,0.0010503193
0.37305313,-1.0116591,-0.56960905,-0.5505323,0.0010503193
0.54763263,-1.0116591,-0.56960905,-0.5505323,0.0010503193
0.8270015,-1.0116591,-0.56960905,-0.5505323,0.0010503193
1.2523774,-1.0116591,-0.56960905,-0.5505323,0.0010503193
1.768766,-1.0116591,-0.56960905,-0.5505323,0.0010503193
2.0407221,-1.0116591,-0.56960905,-0.5505323,0.0010503193
0.31950778,-1.2875465,-0.7174585,-0.6953757,-0.0012273819
0.28318143,-1.2875465,-0.7174585,-0.6953757,-0.0012273819
0.21016571,-1.2875465,-0.7174585,-0.6953757,-0.0012273819
0.1455451,-1.2875465,-0.7174585,-0.6953757,-0.0012273819
0.100504756,-1.2875465,-0.7174585,-0.6953757,-0.0012273819
0.07105166,-1.2875465,-0.7174585,-0.6953757,-0.0012273819
0.051810905,-1.2875465,-0.7174585,-0.6953757,-0.0012273819
0.038988594,-1.2875465,-0.7174585,-0.6953757,-0.0012273819
0.030224074,-1.2875465,-0.7174585,-0.6953757,-0.0012273819
0.024082331,-1.2875465,-0.7174585,-0.6953757,-0.0012273819
0.019683644,-1.2875465,-0.7174585,-0.6953757,-0.0012273819
0.016478464,-1.2875465,-0.7174585,-0.6953757,-0.0012273819
0.01411641,-1.2875465,-0.7174585,-0.6953757,-0.0012273819
0.012369877,-1.2875465,-0.7174585,-0.6953757,-0.0012273819
0.011088896,-1.2875465,-0.7174585,-0.6953757,-0.0012273819
0.010174159,-1.2875465,-0.7174585,-0.6953757,-0.0012273819
0.009560584,-1.2875465,-0.7174585,-0.6953757,-0.0012273819
0.009207331,-1.2875465,-0.7174585,-0.6953757,-0.0012273819
0.00909197,-1.2875465,-0.7174585,-0.6953757,-0.0012273819
0.009207331,-1.2875465,-0.7174585,-0.6953757,-0.0012273819
0.009560584,-1.2875465,-0.7174585,-0.6953757,-0.0012273819
0.010174158,-1.2875465,-0.7174585,-0.6953757,-0.0012273819
0.011088905,-1.2875464,-0.7174585,-0.6953757,-0.0012273726
0.012369886,-1.2875464,-0.7174585,-0.6953757,-0.0012273726
0.01411641,-1.2875465,-0.7174585,-0.6953757,-0.0012273819
0.016478455,-1.2875465,-0.7174585,-0.6953757,-0.0012273819
0.019683644,-1.2875465,-0.7174585,-0.6953757,-0.0012273819
0.024082333,-1.2875465,-0.7174585,-0.6953757,-0.0012273819
0.030224059,-1.2875465,-0.7174585,-0.6953757,-0.0012273819
0.03898859,-1.2875465,-0.7174585,-0.6953757,-0.0012273819
0.051810883,-1.2875465,-0.7174585,-0.6953757,-0.0012273819
0.07105157,-1.2875465,-0.7174585,-0.6953757,-0.0012273819
0.10050469,-1.2875465,-0.7174585,-0.6953757,-0.0012273819
0.14554495,-1.2875465,-0.7174585,-0.6953757,-0.0012273819
0.21016574,-1.2875465,-0.7174585,-0.6953757,-0.0012273819
0.28318146,-1.2875465,-0.7174585,-0.6953757,-0.0012273819
0.31950778,-1.2875465,-0.7174585,-0.6953757,-0.0012273819
0.0834284,-1.4145219,-0.7876588,-0.74471384,0.013772809
0.081745185,-1.4145219,-0.7876588,-0.74471384,0.013772809
0.077164456,-1.4145219,-0.7876588,-0.74471384,0.013772809
0.07080341,-1.4145219,-0.7876588,-0.74471384,0.013772809
0.063850164,-1.4145219,-0.7876588,-0.74471384,0.013772809
0.057167053,-1.4145219,-0.7876588,-0.74471384,0.013772809
0.051212583,-1.4145219,-0.7876588,-0.74471384,0.013772809
0.046142228,-1.4145219,-0.7876588,-0.74471384,0.013772809
0.04193946,-1.4145219,-0.7876588,-0.74471384,0.013772809
0.03851134,-1.4145219,-0.7876588,-0.74471384,0.013772809
0.035743713,-1.4145219,-0.7876588,-0.74471384,0.013772809
0.033527397,-1.4145219,-0.7876588,-0.74471384,0.013772809
0.03176856,-1.4145219,-0.7876588,-0.74471384,0.013772809
0.030390993,-1.4145219,-0.7876588,-0.74471384,0.013772809
0.029335191,-1.4145219,-0.7876588,-0.74471384,0.013772809
0.028556162,-1.4145219,-0.7876588,-0.74471384,0.013772809
0.028021395,-1.4145219,-0.7876588,-0.74471384,0.013772809
0.027708925,-1.4145219,-0.7876589,-0.74471396,0.013772792
0.027606152,-1.4145219,-0.7876589,-0.74471396,0.013772792
0.027708942,-1.4145219,-0.7876588,-0.74471384,0.013772809
0.028021395,-1.4145219,-0.7876588,-0.74471384,0.013772809
0.028556157,-1.4145219,-0.7876588,-0.74471384,0.013772809
0.02933518,-1.4145219,-0.7876588,-0.74471384,0.013772809
0.030390993,-1.4145219,-0.7876588,-0.74471384,0.013772809
0.03176856,-1.4145219,-0.7876588,-0.74471384,0.013772809
0.033527397,-1.4145219,-0.7876588,-0.74471384,0.013772809
0.035743713,-1.4145219,-0.7876588,-0.74471384,0.013772809
0.03851134,-1.4145219,-0.7876588,-0.74471384,0.013772809
0.041939456,-1.4145219,-0.7876588,-0.74471384,0.013772809
0.046142228,-1.4145219,-0.7876588,-0.74471384,0.013772809
0.05121253,-1.4145219,-0.7876588,-0.74471384,0.013772809
0.05716702,-1.4145219,-0.7876588,-0.74471384,0.013772809
0.063850164,-1.4145219,-0.7876588,-0.74471384,0.013772809
0.07080341,-1.4145219,-0.7876588,-0.74471384,0.013772809
0.07716446,-1.4145219,-0.7876588,-0.74471384,0.013772809
0.081745185,-1.4145219,-0.7876588,-0.74471384,0.013772809
0.0834284,-1.4145219,-0.7876588,-0.74471384,0.013772809
0.09577227,-1.3697363,-0.7534394,-0.7480115,0.029646963
0.09326635,-1.3697363,-0.7534394,-0.7480115,0.029646963
0.086751916,-1.3697363,-0.7534394,-0.7480115,0.029646963
0.07838578,-1.3697363,-0.7534394,-0.7480115,0.029646963
0.07004721,-1.3697363,-0.7534394,-0.7480115,0.029646963
0.06273499,-1.3697363,-0.7534394,-0.7480115,0.029646963
0.0567371,-1.3697363,-0.7534394,-0.7480115,0.029646963
0.05197711,-1.3697363,-0.7534394,-0.7480115,0.029646963
0.04825346,-1.3697363,-0.7534394,-0.7480115,0.029646963
0.045353927,-1.3697363,-0.7534394,-0.7480115,0.029646963
0.04309696,-1.3697363,-0.7534394,-0.7480115,0.029646963
0.041339867,-1.3697363,-0.7534394,-0.7480115,0.029646963
0.039975002,-1.3697363,-0.7534394,-0.7480115,0.029646978
0.03892288,-1.3697363,-0.7534394,-0.7480115,0.029646978
0.03812575,-1.3697363,-0.7534394,-0.7480115,0.029646963
0.037542358,-1.3697363,-0.7534394,-0.7480115,0.029646963
0.037144065,-1.3697363,-0.7534394,-0.7480115,0.029646963
0.03691212,-1.3697363,-0.7534394,-0.7480115,0.029646963
0.036835942,-1.3697363,-0.7534394,-0.7480115,0.029646963
0.03691212,-1.3697363,-0.7534394,-0.7480115,0.029646963
0.037144057,-1.3697363,-0.7534394,-0.7480115,0.029646963
0.03754236,-1.3697363,-0.7534394,-0.7480115,0.029646963
0.038125746,-1.3697363,-0.7534394,-0.7480115,0.029646963
0.038922865,-1.3697363,-0.7534394,-0.7480115,0.029646963
0.039974988,-1.3697363,-0.7534394,-0.7480115,0.029646963
0.041339867,-1.3697363,-0.7534394,-0.7480115,0.029646963
0.04309696,-1.3697363,-0.7534394,-0.7480115,0.029646963
0.04535393,-1.3697363,-0.7534394,-0.7480115,0.029646963
0.048253447,-1.3697363,-0.7534394,-0.7480115,0.029646963
0.051977113,-1.3697363,-0.7534394,-0.7480115,0.029646963
0.056737073,-1.3697363,-0.7534394,-0.7480115,0.029646963
0.06273498,-1.3697363,-0.7534394,-0.7480115,0.029646963
0.070047185,-1.3697363,-0.7534394,-0.7480115,0.029646963
0.07838574,-1.3697363,-0.7534394,-0.7480115,0.029646963
0.08675188,-1.3697363,-0.7534394,-0.7480115,0.029646963
0.09326635,-1.3697363,-0.7534394,-0.7480115,0.029646963
0.09577227,-1.3697363,-0.7534394,-0.7480115,0.029646963
0.06917135,-1.5603689,-0.8697383,-0.8187044,0.022982858
0.0679056,-1.5603689,-0.8697383,-0.8187044,0.022982858
0.064517826,-1.5603689,-0.8697383,-0.8187044,0.022982858
0.059945986,-1.5603689,-0.8697383,-0.8187044,0.022982858
0.05511402,-1.5603689,-0.8697383,-0.8187044,0.022982858
0.050621044,-1.5603689,-0.8697383,-0.8187044,0.022982858
0.046732474,-1.5603689,-0.8697383,-0.8187044,0.022982858
0.04349871,-1.5603688,-0.86973816,-0.8187045,0.022982843
0.040866677,-1.5603688,-0.86973816,-0.8187045,0.022982843
0.03874847,-1.5603689,-0.8697383,-0.8187044,0.022982858
0.037054583,-1.5603689,-0.8697383,-0.8187044,0.022982858
0.035706908,-1.5603689,-0.8697383,-0.8187044,0.022982858
0.0346419,-1.5603689,-0.8697383,-0.8187044,0.022982858
0.033809934,-1.5603689,-0.8697383,-0.8187044,0.022982858
0.03317324,-1.5603689,-0.8697383,-0.8187044,0.022982858
0.032703828,-1.5603689,-0.8697383,-0.8187044,0.022982858
0.032381713,-1.5603689,-0.8697383,-0.8187044,0.022982858
0.032193527,-1.5603689,-0.8697383,-0.8187044,0.022982858
0.03213163,-1.5603689,-0.8697383,-0.8187044,0.022982858
0.032193527,-1.5603689,-0.8697383,-0.8187044,0.022982858
0.032381713,-1.5603689,-0.8697383,-0.8187044,0.022982858
0.032703828,-1.5603689,-0.8697383,-0.8187044,0.022982858
0.03317324,-1.5603689,-0.8697383,-0.8187044,0.022982858
0.033809934,-1.5603689,-0.8697383,-0.8187044,0.022982858
0.0346419,-1.5603689,-0.8697383,-0.8187044,0.022982858
0.035706908,-1.5603689,-0.8697383,-0.8187044,0.022982858
0.037054583,-1.5603689,-0.8697383,-0.8187044,0.022982858
0.038748473,-1.5603689,-0.8697383,-0.8187044,0.022982858
0.04086668,-1.5603689,-0.8697383,-0.8187044,0.022982858
0.043498725,-1.5603689,-0.8697383,-0.8187044,0.022982858
0.046732474,-1.5603689,-0.8697383,-0.8187044,0.022982858
0.050621025,-1.5603689,-0.8697383,-0.8187044,0.022982858
0.05511402,-1.5603689,-0.8697383,-0.8187044,0.022982858
0.059945986,-1.5603689,-0.8697383,-0.8187044,0.022982858
0.064517826,-1.5603689,-0.8697383,-0.8187044,0.022982858
0.067905605,-1.5603689,-0.8697383,-0.8187044,0.022982858
0.06917135,-1.5603689,-0.8697383,-0.8187044,0.022982858
0.25693068,-1.1994251,-0.66837406,-0.6438611,-0.0015974969
0.24431022,-1.1994251,-0.66837406,-0.6438611,-0.0015974969
0.2126226,-1.199425,-0.66837406,-0.6438611,-0.0015975081
0.17418483,-1.199425,-0.66837406,-0.6438611,-0.0015975081
0.13825329,-1.1994251,-0.66837406,-0.6438611,-0.0015974969
0.108616285,-1.1994251,-0.66837406,-0.6438611,-0.0015974969
0.08559709,-1.1994251,-0.66837406,-0.6438611,-0.0015974969
0.06817783,-1.1994251,-0.66837406,-0.6438611,-0.0015974969
0.055106245,-1.1994251,-0.66837406,-0.6438611,-0.0015974969
0.04529405,-1.1994251,-0.66837406,-0.6438611,-0.0015974969
0.037900627,-1.1994251,-0.66837406,-0.6438611,-0.0015974969
0.03230809,-1.1994251,-0.66837406,-0.6438611,-0.0015974969
0.028072353,-1.1994251,-0.66837406,-0.6438611,-0.0015974969
0.02487768,-1.1994251,-0.66837406,-0.6438611,-0.0015974969
0.022501234,-1.1994251,-0.66837406,-0.6438611,-0.0015974969
0.02078747,-1.1994251,-0.66837406,-0.6438611,-0.0015974969
0.019630367,-1.1994251,-0.66837406,-0.6438611,-0.0015974969
0.018961547,-1.1994251,-0.66837406,-0.6438611,-0.0015974969
0.018742707,-1.1994251,-0.66837406,-0.6438611,-0.0015974969
0.018961547,-1.1994251,-0.66837406,-0.6438611,-0.0015974969
0.019630365,-1.1994251,-0.66837406,-0.6438611,-0.0015974969
0.020787472,-1.1994251,-0.66837406,-0.6438611,-0.0015974969
0.022501234,-1.1994251,-0.66837406,-0.6438611,-0.0015974969
0.02487768,-1.1994251,-0.66837406,-0.6438611,-0.0015974969
0.028072353,-1.1994251,-0.66837406,-0.6438611,-0.0015974969
0.03230809,-1.1994251,-0.66837406,-0.6438611,-0.0015974969
0.03790063,-1.1994251,-0.66837406,-0.6438611,-0.0015974969
0.04529405,-1.1994251,-0.66837406,-0.6438611,-0.0015974969
0.055106197,-1.1994251,-0.66837406,-0.6438611,-0.0015974969
0.06817782,-1.1994251,-0.66837406,-0.6438611,-0.0015974969
0.08559709,-1.1994251,-0.66837406,-0.6438611,-0.0015974969
0.10861627,-1.1994251,-0.66837406,-0.6438611,-0.0015974969
0.13825327,-1.1994251,-0.66837406,-0.6438611,-0.0015974969
0.17418484,-1.1994251,-0.66837406,-0.6438611,-0.0015974969
0.21262257,-1.199425,-0.66837406,-0.6438611,-0.0015975081
0.24430998,-1.199425,-0.66837406,-0.6438611,-0.0015975081
0.25693068,-1.1994251,-0.66837406,-0.6438611,-0.0015974969
3.2641585,-1.1299732,-0.6377125,-0.61120474,-0.0027832633
2.166511,-1.1299732,-0.6377125,-0.61120474,-0.0027832633
1.0598483,-1.1299732,-0.6377125,-0.61120474,-0.0027832633
0.55631787,-1.1299732,-0.6377125,-0.61120474,-0.0027832633
0.32384393,-1.1299732,-0.6377125,-0.61120474,-0.0027832633
0.20472865,-1.1299732,-0.6377125,-0.61120474,-0.0027832633
0.13795765,-1.1299732,-0.6377125,-0.61120474,-0.0027832633
0.09784379,-1.1299732,-0.6377125,-0.61120474,-0.0027832633
0.07241648,-1.1299732,-0.6377125,-0.61120474,-0.0027832633
0.05560221,-1.1299732,-0.6377125,-0.61120474,-0.0027832633
0.044105213,-1.1299732,-0.6377125,-0.61120474,-0.0027832633
0.03603917,-1.1299732,-0.6377125,-0.61120474,-0.0027832633
0.030277794,-1.1299732,-0.6377125,-0.61120474,-0.0027832633
0.026125796,-1.1299732,-0.6377125,-0.61120474,-0.0027832633
0.023143161,-1.1299732,-0.6377125,-0.61120474,-0.0027832633
0.02104766,-1.1299732,-0.6377125,-0.61120474,-0.0027832633
0.019658843,-1.1299732,-0.6377125,-0.61120474,-0.0027832633
0.018865589,-1.1299732,-0.6377125,-0.61120474,-0.0027832633
0.018607553,-1.1299732,-0.6377125,-0.61120474,-0.0027832633
0.018865589,-1.1299732,-0.6377125,-0.61120474,-0.0027832633
0.019658843,-1.1299732,-0.6377125,-0.61120474,-0.0027832633
0.021047652,-1.1299732,-0.6377125,-0.61120474,-0.0027832633
0.02314316,-1.1299732,-0.6377125,-0.61120474,-0.0027832633
0.026125796,-1.1299732,-0.6377125,-0.61120474,-0.0027832633
0.030277794,-1.1299732,-0.6377125,-0.61120474,-0.0027832633
0.036039155,-1.1299732,-0.6377125,-0.61120474,-0.0027832633
0.04410518,-1.1299732,-0.6377125,-0.61120474,-0.0027832633
0.055602215,-1.1299732,-0.6377125,-0.61120474,-0.0027832633
0.07241645,-1.1299732,-0.6377125,-0.61120474,-0.0027832633
0.09784378,-1.1299733,-0.6377125,-0.61120474,-0.0027832652
0.13795765,-1.1299733,-0.6377125,-0.61120474,-0.0027832652
0.20472866,-1.1299732,-0.6377125,-0.61120474,-0.0027832633
0.32384366,-1.1299732,-0.6377125,-0.61120474,-0.0027832633
0.5563178,-1.1299732,-0.6377125,-0.61120474,-0.0027832633
1.0598457,-1.1299732,-0.6377125,-0.61120474,-0.0027832633
2.166511,-1.1299732,-0.6377125,-0.61120474,-0.0027832633
3.2641585,-1.1299732,-0.6377125,-0.61120474,-0.0027832633
0.1884988,-1.2837878,-0.70711803,-0.70090157,0.00904989
0.17569299,-1.2837878,-0.70711803,-0.70090157,0.00904989
0.14591993,-1.2837878,-0.70711803,-0.70090157,0.00904989
0.113833494,-1.2837878,-0.70711803,-0.70090157,0.00904989
0.08727542,-1.2837878,-0.70711803,-0.70090157,0.00904989
0.06755787,-1.2837878,-0.70711803,-0.70090157,0.00904989
0.05347634,-1.2837878,-0.70711803,-0.70090157,0.00904989
0.04348493,-1.2837878,-0.70711803,-0.70090157,0.00904989
0.03633964,-1.2837878,-0.70711803,-0.70090157,0.00904989
0.03116136,-1.2837878,-0.70711803,-0.70090157,0.00904989
0.0273557,-1.2837878,-0.70711803,-0.70090157,0.00904989
0.024525743,-1.2837878,-0.70711803,-0.70090157,0.00904989
0.02240606,-1.2837878,-0.70711803,-0.70090157,0.00904989
0.020818137,-1.2837878,-0.70711803,-0.70090157,0.00904989
0.0196413,-1.2837878,-0.70711803,-0.70090157,0.00904989
0.018794125,-1.2837878,-0.70711803,-0.70090157,0.00904989
0.018222481,-1.2837878,-0.70711803,-0.70090157,0.00904989
0.017892085,-1.2837878,-0.70711803,-0.70090157,0.00904989
0.017783977,-1.2837878,-0.70711803,-0.70090157,0.00904989
0.017892085,-1.2837878,-0.70711803,-0.70090157,0.00904989
0.018222481,-1.2837878,-0.70711803,-0.70090157,0.00904989
0.018794127,-1.2837878,-0.70711803,-0.70090157,0.00904989
0.019641299,-1.2837878,-0.70711803,-0.70090157,0.00904989
0.020818137,-1.2837878,-0.70711803,-0.70090157,0.00904989
0.02240606,-1.2837877,-0.70711803,-0.70090157,0.009049888
0.024525743,-1.2837877,-0.70711803,-0.70090157,0.009049888
0.027355704,-1.2837878,-0.70711803,-0.70090157,0.00904989
0.03116136,-1.2837878,-0.70711803,-0.70090157,0.00904989
0.036339644,-1.2837878,-0.70711803,-0.70090157,0.00904989
0.0434849,-1.2837878,-0.70711803,-0.70090157,0.00904989
0.05347634,-1.2837878,-0.70711803,-0.70090157,0.00904989
0.067557864,-1.2837878,-0.70711803,-0.70090157,0.00904989
0.087275386,-1.2837878,-0.70711803,-0.70090157,0.00904989
0.11383344,-1.2837878,-0.70711803,-0.70090157,0.00904989
0.14591993,-1.2837878,-0.70711803,-0.70090157,0.00904989
0.1756928,-1.2837878,-0.70711803,-0.70090157,0.00904989
0.1884988,-1.2837878,-0.70711803,-0.70090157,0.00904989
0.08276058,-1.3472553,-0.74879324,-0.71436685,0.01113798
0.08133671,-1.3472553,-0.74879324,-0.71436685,0.01113798
0.077392235,-1.3472553,-0.74879324,-0.71436685,0.01113798
0.07174042,-1.3472553,-0.74879324,-0.71436685,0.01113798
0.065318584,-1.3472553,-0.74879324,-0.71436685,0.01113798
0.058892768,-1.3472553,-0.74879324,-0.71436685,0.01113798
0.052946847,-1.3472553,-0.74879324,-0.71436685,0.01113798
0.047712147,-1.3472553,-0.74879324,-0.71436685,0.01113798
0.043248966,-1.3472553,-0.74879324,-0.71436685,0.01113798
0.039522756,-1.3472553,-0.74879324,-0.71436685,0.01113798
0.036457222,-1.3472553,-0.74879324,-0.71436685,0.01113798
0.033965096,-1.3472553,-0.74879324,-0.71436685,0.01113798
0.031963654,-1.3472553,-0.74879324,-0.71436685,0.01113798
0.030381408,-1.3472553,-0.74879324,-0.71436685,0.01113798
0.029160008,-1.3472553,-0.74879324,-0.71436685,0.01113798
0.028253995,-1.3472553,-0.74879324,-0.71436685,0.01113798
0.027629677,-1.3472553,-0.74879324,-0.71436685,0.01113798
0.027264018,-1.3472553,-0.74879324,-0.71436685,0.01113798
0.027143605,-1.3472553,-0.74879324,-0.71436685,0.01113798
0.027264029,-1.3472553,-0.74879324,-0.71436685,0.011137989
0.027629685,-1.3472553,-0.74879324,-0.71436685,0.011137989
0.028253995,-1.3472553,-0.74879324,-0.71436685,0.01113798
0.029160008,-1.3472553,-0.74879324,-0.71436685,0.01113798
0.030381408,-1.3472553,-0.74879324,-0.71436685,0.01113798
0.031963654,-1.3472553,-0.74879324,-0.71436685,0.01113798
0.033965096,-1.3472553,-0.74879324,-0.71436685,0.01113798
0.03645722,-1.3472553,-0.74879324,-0.71436685,0.01113798
0.039522756,-1.3472553,-0.74879324,-0.71436685,0.01113798
0.043248937,-1.3472553,-0.74879324,-0.71436685,0.01113798
0.047712147,-1.3472553,-0.74879324,-0.71436685,0.01113798
0.052946847,-1.3472553,-0.74879324,-0.71436685,0.01113798
0.058892768,-1.3472553,-0.74879324,-0.71436685,0.01113798
0.065318584,-1.3472553,-0.74879324,-0.71436685,0.01113798
0.07174042,-1.3472553,-0.74879324,-0.71436685,0.01113798
0.077392235,-1.3472553,-0.74879324,-0.71436685,0.01113798
0.08133671,-1.3472553,-0.74879324,-0.71436685,0.01113798
0.08276058,-1.3472553,-0.74879324,-0.71436685,0.01113798
0.07977055,-1.4138592,-0.7774869,-0.7719044,0.039354447
0.07870205,-1.4138592,-0.7774869,-0.7719044,0.039354447
0.07581337,-1.4138592,-0.7774869,-0.7719044,0.039354447
0.071847215,-1.4138592,-0.7774869,-0.7719044,0.039354447
0.06756949,-1.4138592,-0.7774869,-0.7719044,0.039354447
0.06351118,-1.4138592,-0.7774869,-0.7719044,0.039354447
0.059935354,-1.4138592,-0.7774869,-0.7719044,0.039354447
0.05691628,-1.4138592,-0.7774869,-0.7719044,0.039354447
0.054428093,-1.4138592,-0.7774869,-0.7719044,0.039354447
0.05240497,-1.4138592,-0.7774869,-0.7719044,0.039354447
0.050773304,-1.4138592,-0.7774869,-0.7719044,0.039354447
0.0494658,-1.4138592,-0.7774869,-0.7719044,0.039354447
0.04842626,-1.4138592,-0.7774869,-0.7719044,0.039354447
0.047609974,-1.4138592,-0.7774869,-0.7719044,0.039354447
0.04698257,-1.4138592,-0.77748686,-0.77190435,0.039354455
0.04651836,-1.4138592,-0.77748686,-0.77190435,0.039354455
0.046198945,-1.4138592,-0.7774869,-0.7719044,0.039354447
0.046012003,-1.4138592,-0.7774869,-0.7719044,0.039354447
0.045950457,-1.4138592,-0.7774869,-0.7719044,0.039354447
0.046012003,-1.4138592,-0.7774869,-0.7719044,0.039354447
0.04619894,-1.4138592,-0.7774869,-0.7719044,0.039354447
0.046518352,-1.4138592,-0.7774869,-0.7719044,0.039354447
0.046982557,-1.4138592,-0.7774869,-0.7719044,0.039354447
0.047609974,-1.4138592,-0.7774869,-0.7719044,0.039354447
0.04842626,-1.4138592,-0.7774869,-0.7719044,0.039354447
0.0494658,-1.4138592,-0.7774869,-0.7719044,0.039354447
0.0507733,-1.4138592,-0.7774869,-0.7719044,0.039354447
0.05240497,-1.4138592,-0.7774869,-0.7719044,0.039354447
0.054428082,-1.4138592,-0.7774869,-0.7719044,0.039354447
0.05691628,-1.4138592,-0.7774869,-0.7719044,0.039354447
0.059935346,-1.4138592,-0.7774869,-0.7719044,0.039354447
0.063511156,-1.4138592,-0.7774869,-0.7719044,0.039354447
0.06756946,-1.4138592,-0.7774869,-0.7719044,0.039354447
0.071847215,-1.4138592,-0.7774869,-0.7719044,0.039354447
0.07581336,-1.4138592,-0.7774869,-0.7719044,0.039354447
0.078702055,-1.4138592,-0.7774869,-0.7719044,0.039354447
0.07977055,-1.4138592,-0.7774869,-0.7719044,0.039354447
0.06505143,-1.5138488,-0.8360963,-0.82080567,0.052429006
0.064979985,-1.5138488,-0.8360963,-0.82080567,0.052429006
0.06477204,-1.5138488,-0.8360963,-0.82080567,0.052429006
0.06444539,-1.5138488,-0.8360963,-0.82080567,0.052429006
0.06402585,-1.5138488,-0.8360963,-0.82080567,0.052429006
0.06354286,-1.5138488,-0.8360963,-0.82080567,0.052429006
0.06302545,-1.5138488,-0.8360963,-0.82080567,0.052429006
0.062499367,-1.5138488,-0.8360963,-0.82080567,0.052429006
0.061985552,-1.5138488,-0.8360963,-0.82080567,0.052429006
0.06149978,-1.5138487,-0.8360963,-0.8208057,0.052429
0.06105318,-1.5138487,-0.8360963,-0.8208057,0.052429
0.060653046,-1.5138488,-0.8360963,-0.82080567,0.052429006
0.060303718,-1.5138488,-0.8360963,-0.82080567,0.052429006
0.060007513,-1.5138488,-0.8360963,-0.82080567,0.052429006
0.059765395,-1.5138488,-0.8360963,-0.82080567,0.052429006
0.059577532,-1.5138488,-0.8360963,-0.82080567,0.052429006
0.059443712,-1.5138488,-0.8360963,-0.82080567,0.052429006
0.059363592,-1.5138488,-0.8360963,-0.82080567,0.052429006
0.059336923,-1.5138488,-0.8360963,-0.82080567,0.052429006
0.059363592,-1.5138488,-0.8360963,-0.82080567,0.052429006
0.059443712,-1.5138488,-0.8360963,-0.82080567,0.052429006
0.059577532,-1.5138488,-0.8360963,-0.82080567,0.052429006
0.059765395,-1.5138488,-0.8360963,-0.82080567,0.052429006
0.060007513,-1.5138488,-0.8360963,-0.82080567,0.052429006
0.060303718,-1.5138488,-0.8360963,-0.82080567,0.052429006
0.060653046,-1.5138488,-0.8360963,-0.82080567,0.052429006
0.061053183,-1.5138488,-0.8360963,-0.82080567,0.052429006
0.061499782,-1.5138488,-0.8360963,-0.82080567,0.052429006
0.061985556,-1.5138488,-0.8360963,-0.82080567,0.052429006
0.062499367,-1.5138488,-0.8360963,-0.82080567,0.052429006
0.06302545,-1.5138488,-0.8360963,-0.82080567,0.052429006
0.06354286,-1.5138488,-0.8360963,-0.82080567,0.052429006
0.06402585,-1.5138488,-0.8360963,-0.82080567,0.052429006
0.06444539,-1.5138488,-0.8360963,-0.82080567,0.052429006
0.06477204,-1.5138488,-0.8360963,-0.82080567,0.052429006
0.064979985,-1.5138488,-0.8360963,-0.82080567,0.052429006
0.06505143,-1.5138488,-0.8360963,-0.82080567,0.052429006
0.3576929,-1.428258,-0.8013524,-0.7465753,0.002486969
0.31398717,-1.428258,-0.8013524,-0.7465753,0.002486969
0.23002031,-1.428258,-0.8013524,-0.7465753,0.002486969
0.1595627,-1.428258,-0.8013524,-0.7465753,0.002486969
0.11221388,-1.428258,-0.8013524,-0.7465753,0.0024869505
0.08178661,-1.428258,-0.8013524,-0.7465753,0.0024869505
0.061980944,-1.428258,-0.8013524,-0.7465753,0.002486969
0.048716582,-1.428258,-0.8013524,-0.7465753,0.002486969
0.039563876,-1.428258,-0.8013524,-0.7465753,0.002486969
0.03307825,-1.428258,-0.8013524,-0.7465753,0.002486969
0.028381793,-1.428258,-0.8013524,-0.7465753,0.002486969
0.024925746,-1.428258,-0.8013524,-0.7465753,0.002486969
0.022357877,-1.428258,-0.8013524,-0.7465753,0.002486969
0.020446958,-1.428258,-0.8013524,-0.7465753,0.002486969
0.019038757,-1.428258,-0.8013524,-0.7465753,0.002486969
0.01802985,-1.428258,-0.8013524,-0.7465753,0.002486969
0.017351652,-1.428258,-0.8013524,-0.7465753,0.002486969
0.0169607,-1.428258,-0.8013524,-0.7465753,0.002486969
0.016832953,-1.428258,-0.8013524,-0.7465753,0.002486969
0.0169607,-1.428258,-0.8013524,-0.7465753,0.002486969
0.017351652,-1.428258,-0.8013524,-0.7465753,0.002486969
0.01802985,-1.428258,-0.8013524,-0.7465753,0.002486969
0.019038757,-1.428258,-0.8013524,-0.7465753,0.002486969
0.020446958,-1.428258,-0.8013524,-0.7465753,0.002486969
0.022357877,-1.428258,-0.8013524,-0.7465753,0.002486969
0.024925744,-1.428258,-0.8013524,-0.7465753,0.002486969
0.028381776,-1.428258,-0.8013524,-0.7465753,0.002486969
0.03307825,-1.428258,-0.8013524,-0.7465753,0.002486969
0.039563872,-1.428258,-0.8013524,-0.7465753,0.002486969
0.048716582,-1.428258,-0.8013524,-0.7465753,0.002486969
0.061980948,-1.428258,-0.8013524,-0.7465753,0.002486969
0.08178663,-1.428258,-0.8013524,-0.7465753,0.002486969
0.1122139,-1.428258,-0.8013524,-0.7465753,0.002486969
0.15956272,-1.428258,-0.8013524,-0.7465753,0.002486969
0.23002033,-1.428258,-0.8013524,-0.7465753,0.002486969
0.3139872,-1.428258,-0.8013524,-0.7465753,0.002486969
0.35769287,-1.428258,-0.8013524,-0.7465753,0.0024869505
2.827156,-1.1156826,-0.63720036,-0.6041252,0.0064080227
2.0401218,-1.1156826,-0.63720036,-0.6041252,0.0064080125
1.0953865,-1.1156826,-0.63720036,-0.6041252,0.0064080125
0.6033996,-1.1156826,-0.63720036,-0.6041252,0.0064080125
0.36136022,-1.1156826,-0.63720036,-0.6041252,0.0064080125
0.23372395,-1.1156826,-0.63720036,-0.6041252,0.0064080125
0.16125058,-1.1156826,-0.63720036,-0.6041252,0.0064080125
0.11749094,-1.1156826,-0.63720036,-0.6041252,0.0064080125
0.08972532,-1.1156826,-0.63720036,-0.6041252,0.0064080125
0.0713868,-1.1156826,-0.63720036,-0.6041252,0.0064080125
0.05887755,-1.1156826,-0.63720036,-0.6041252,0.0064080125
0.050127942,-1.1156826,-0.63720036,-0.6041252,0.0064080125
0.043899044,-1.1156826,-0.63720036,-0.6041252,0.0064080125
0.039425157,-1.1156826,-0.63720036,-0.6041252,0.0064080125
0.036221493,-1.1156826,-0.63720036,-0.6041252,0.0064080125
0.033977047,-1.1156826,-0.63720036,-0.6041252,0.0064080125
0.0324929,-1.1156826,-0.63720036,-0.6041252,0.0064080125
0.031646565,-1.1156826,-0.63720036,-0.6041252,0.0064080125
0.031371485,-1.1156826,-0.63720036,-0.6041252,0.0064080125
0.031646565,-1.1156826,-0.63720036,-0.6041252,0.0064080125
0.0324929,-1.1156826,-0.63720036,-0.6041252,0.0064080125
0.03397704,-1.1156826,-0.63720036,-0.6041252,0.0064080125
0.036221493,-1.1156826,-0.63720036,-0.6041252,0.0064080125
0.039425157,-1.1156826,-0.63720036,-0.6041252,0.0064080125
0.043899044,-1.1156826,-0.63720036,-0.6041252,0.0064080125
0.050127942,-1.1156826,-0.63720036,-0.6041252,0.0064080125
0.05887755,-1.1156826,-0.63720036,-0.6041252,0.0064080125
0.07138681,-1.1156826,-0.63720036,-0.6041252,0.0064080125
0.089725286,-1.1156826,-0.63720036,-0.6041252,0.0064080125
0.11749095,-1.1156826,-0.63720036,-0.6041252,0.0064080125
0.16125049,-1.1156826,-0.63720036,-0.6041252,0.0064080125
0.23372366,-1.1156826,-0.63720036,-0.6041252,0.0064080227
0.36135957,-1.1156826,-0.63720036,-0.6041252,0.0064080227
0.6033978,-1.1156826,-0.63720036,-0.6041252,0.0064080125
1.0953839,-1.1156826,-0.63720036,-0.6041252,0.0064080125
2.0401218,-1.1156826,-0.63720036,-0.6041252,0.0064080125
2.827156,-1.1156826,-0.63720036,-0.6041252,0.0064080125
0.19236533,-1.3658221,-0.7630844,-0.7224087,0.0034286573
0.17923672,-1.3658221,-0.7630844,-0.7224087,0.0034286573
0.1488308,-1.3658221,-0.7630844,-0.7224087,0.0034286573
0.11617338,-1.3658221,-0.7630844,-0.7224087,0.0034286573
0.089116566,-1.3658221,-0.7630844,-0.7224087,0.0034286573
0.06890452,-1.3658221,-0.7630844,-0.7224087,0.0034286573
0.05432416,-1.3658221,-0.7630844,-0.7224087,0.0034286573
0.0438549,-1.3658221,-0.7630844,-0.7224087,0.0034286573
0.03627796,-1.3658221,-0.7630844,-0.7224087,0.0034286573
0.03072782,-1.3658221,-0.7630844,-0.7224087,0.0034286573
0.026613144,-1.3658221,-0.7630844,-0.7224087,0.0034286573
0.023533387,-1.3658221,-0.7630844,-0.7224087,0.0034286573
0.021216417,-1.3658221,-0.7630844,-0.7224087,0.0034286573
0.019476173,-1.3658221,-0.7630844,-0.7224087,0.0034286573
0.018184874,-1.3658221,-0.7630844,-0.7224087,0.0034286573
0.017255014,-1.3658221,-0.7630844,-0.7224087,0.0034286573
0.016627692,-1.3658221,-0.7630844,-0.7224087,0.0034286573
0.01626524,-1.3658221,-0.7630844,-0.7224087,0.0034286573
0.016146667,-1.3658221,-0.7630844,-0.7224087,0.0034286573
0.01626524,-1.3658221,-0.7630844,-0.7224087,0.0034286573
0.016627692,-1.3658221,-0.7630844,-0.7224087,0.0034286573
0.017255014,-1.3658221,-0.7630844,-0.7224087,0.0034286573
0.018184874,-1.3658221,-0.7630844,-0.7224087,0.0034286573
0.019476173,-1.3658221,-0.7630844,-0.7224087,0.0034286573
0.021216417,-1.3658221,-0.7630844,-0.7224087,0.0034286573
0.023533382,-1.3658221,-0.7630844,-0.7224087,0.0034286573
0.02661313,-1.3658221,-0.7630844,-0.7224087,0.0034286592
0.030727822,-1.3658221,-0.7630844,-0.7224087,0.0034286592
0.036277965,-1.3658221,-0.7630844,-0.7224087,0.0034286573
0.043854896,-1.3658221,-0.7630844,-0.7224087,0.0034286573
0.054324158,-1.3658221,-0.7630844,-0.7224087,0.0034286573
0.06890453,-1.3658221,-0.7630844,-0.7224087,0.0034286573
0.089116566,-1.3658221,-0.7630844,-0.7224087,0.0034286573
0.11617311,-1.3658221,-0.7630844,-0.7224087,0.0034286573
0.14883082,-1.3658221,-0.7630844,-0.7224087,0.0034286573
0.17923674,-1.3658221,-0.7630844,-0.7224087,0.0034286573
0.19236533,-1.3658221,-0.7630844,-0.7224087,0.0034286573
0.32742754,-1.3179814,-0.7390021,-0.6930734,0.0015057761
0.3012942,-1.3179814,-0.7390021,-0.6930734,0.0015057761
0.24294955,-1.3179814,-0.7390021,-0.6930734,0.0015057761
0.18347128,-1.3179814,-0.7390021,-0.6930734,0.0015057761
0.13652255,-1.3179814,-0.7390021,-0.6930734,0.0015057761
0.10275102,-1.3179814,-0.7390021,-0.6930734,0.0015057761
0.07905724,-1.3179814,-0.7390021,-0.6930734,0.0015057761
0.062387597,-1.3179814,-0.7390021,-0.6930734,0.0015057761
0.0505065,-1.3179814,-0.7390021,-0.6930734,0.0015057761
0.041906502,-1.3179814,-0.7390021,-0.6930734,0.0015057761
0.035591543,-1.3179814,-0.7390021,-0.6930734,0.0015057761
0.030902306,-1.3179814,-0.7390021,-0.6930734,0.0015057761
0.027397925,-1.3179814,-0.7390021,-0.6930734,0.0015057761
0.024780624,-1.3179814,-0.7390021,-0.6930734,0.0015057761
0.022847578,-1.3179814,-0.7390021,-0.6930734,0.0015057761
0.02146081,-1.3179814,-0.7390021,-0.6930734,0.0015057761
0.020527897,-1.3179814,-0.7390021,-0.6930734,0.0015057761
0.0199899,-1.3179814,-0.7390021,-0.6930734,0.0015057761
0.019814072,-1.3179814,-0.7390021,-0.6930734,0.0015057761
0.0199899,-1.3179814,-0.7390021,-0.6930734,0.0015057761
0.020527897,-1.3179814,-0.7390021,-0.6930734,0.0015057761
0.02146082,-1.3179816,-0.7390021,-0.6930734,0.0015057854
0.022847587,-1.3179816,-0.7390021,-0.6930734,0.0015057854
0.024780624,-1.3179814,-0.7390021,-0.6930734,0.0015057761
0.027397925,-1.3179814,-0.7390021,-0.6930734,0.0015057761
0.030902307,-1.3179814,-0.7390021,-0.6930734,0.0015057761
0.035591543,-1.3179814,-0.7390021,-0.6930734,0.0015057761
0.041906502,-1.3179814,-0.7390021,-0.6930734,0.0015057761
0.050506502,-1.3179814,-0.7390021,-0.6930734,0.0015057761
0.0623876,-1.3179814,-0.7390021,-0.6930734,0.0015057761
0.07905724,-1.3179814,-0.7390021,-0.6930734,0.0015057761
0.10275102,-1.3179814,-0.7390021,-0.6930734,0.0015057761
0.13652225,-1.3179814,-0.7390021,-0.6930734,0.0015057761
0.18347128,-1.3179814,-0.7390021,-0.6930734,0.0015057761
0.24294955,-1.3179814,-0.7390021,-0.6930734,0.0015057761
0.30129358,-1.3179814,-0.7390021,-0.6930734,0.0015057761
0.32742754,-1.3179814,-0.7390021,-0.6930734,0.0015057761
3.2201827,-1.350294,-0.76706624,-0.7082885,-0.0025503777
1.7636123,-1.350294,-0.76706624,-0.7082885,-0.0025503777
0.7461485,-1.350294,-0.76706624,-0.7082885,-0.0025503777
0.37879762,-1.350294,-0.76706624,-0.7082885,-0.0025503777
0.2233449,-1.350294,-0.76706624,-0.7082885,-0.0025503777
0.14579965,-1.350294,-0.76706624,-0.7082885,-0.0025503777
0.10227355,-1.350294,-0.76706624,-0.7082885,-0.0025503777
0.07570862,-1.350294,-0.76706624,-0.7082885,-0.0025503777
0.058479413,-1.350294,-0.76706624,-0.7082885,-0.0025503777
0.046791136,-1.350294,-0.76706624,-0.7082885,-0.0025503777
0.03859363,-1.350294,-0.76706624,-0.7082885,-0.0025503777
0.032705806,-1.350294,-0.76706624,-0.7082885,-0.0025503777
0.028412644,-1.350294,-0.76706624,-0.7082885,-0.0025503777
0.025264611,-1.350294,-0.76706624,-0.7082885,-0.0025503777
0.022971325,-1.350294,-0.76706624,-0.7082885,-0.0025503777
0.02134271,-1.350294,-0.76706624,-0.7082885,-0.0025503777
0.020254886,-1.350294,-0.7670663,-0.7082885,-0.002550402
0.019630438,-1.350294,-0.7670663,-0.7082885,-0.002550402
0.01942684,-1.350294,-0.76706624,-0.7082885,-0.0025503777
0.019630462,-1.350294,-0.76706624,-0.7082885,-0.0025503777
0.020254903,-1.350294,-0.76706624,-0.7082885,-0.0025503777
0.02134271,-1.350294,-0.76706624,-0.7082885,-0.0025503777
0.022971326,-1.350294,-0.76706624,-0.7082885,-0.0025503777
0.025264611,-1.350294,-0.76706624,-0.7082885,-0.0025503777
0.028412644,-1.350294,-0.76706624,-0.7082885,-0.0025503777
0.03270579,-1.350294,-0.76706624,-0.7082885,-0.0025503777
0.038593635,-1.350294,-0.76706624,-0.7082885,-0.0025503777
0.046791136,-1.350294,-0.76706624,-0.7082885,-0.0025503777
0.058479324,-1.350294,-0.76706624,-0.7082885,-0.0025503777
0.07570856,-1.350294,-0.76706624,-0.7082885,-0.0025503777
0.10227344,-1.350294,-0.76706624,-0.7082885,-0.0025503777
0.14579946,-1.350294,-0.76706624,-0.7082885,-0.0025503777
0.22334492,-1.350294,-0.76706624,-0.7082885,-0.0025503777
0.37879762,-1.350294,-0.76706624,-0.7082885,-0.0025503777
0.74614364,-1.350294,-0.76706624,-0.7082885,-0.0025503777
1.7636123,-1.350294,-0.76706624,-0.7082885,-0.0025503777
3.2201827,-1.350294,-0.76706624,-0.7082885,-0.0025503777
0.9281683,-1.2922837,-0.7275787,-0.68252677,-0.00074925204
0.7461221,-1.2922837,-0.7275787,-0.68252677,-0.00074925204
0.468004,-1.2922837,-0.7275787,-0.68252677,-0.00074925204
0.28672534,-1.2922837,-0.7275787,-0.68252677,-0.00074925204
0.18451829,-1.2922837,-0.7275787,-0.68252677,-0.00074925204
0.12572159,-1.2922837,-0.7275787,-0.68252677,-0.00074925204
0.09011046,-1.2922837,-0.7275787,-0.68252677,-0.00074925204
0.067428656,-1.2922837,-0.7275787,-0.68252677,-0.00074925204
0.052352473,-1.2922837,-0.7275787,-0.68252677,-0.00074925204
0.041979093,-1.2922837,-0.7275787,-0.68252677,-0.00074925204
0.034644753,-1.2922837,-0.7275787,-0.68252677,-0.00074925204
0.029353095,-1.2922835,-0.72757864,-0.6825267,-0.0007492427
0.025485173,-1.2922835,-0.72757864,-0.6825267,-0.0007492427
0.022645228,-1.2922837,-0.7275787,-0.68252677,-0.00074925204
0.020574955,-1.2922837,-0.7275787,-0.68252677,-0.00074925204
0.01910415,-1.2922837,-0.7275787,-0.68252677,-0.00074925204
0.018121533,-1.2922837,-0.7275787,-0.68252677,-0.00074925204
0.0175574,-1.2922837,-0.7275787,-0.68252677,-0.00074925204
0.017373424,-1.2922837,-0.7275787,-0.68252677,-0.00074925204
0.0175574,-1.2922837,-0.7275787,-0.68252677,-0.00074925204
0.018121533,-1.2922837,-0.7275787,-0.68252677,-0.00074925204
0.01910415,-1.2922837,-0.7275787,-0.68252677,-0.00074925204
0.020574955,-1.2922837,-0.7275787,-0.68252677,-0.00074925204
0.022645228,-1.2922837,-0.7275787,-0.68252677,-0.00074925204
0.025485164,-1.2922837,-0.7275787,-0.68252677,-0.00074925204
0.029353086,-1.2922837,-0.7275787,-0.68252677,-0.00074925204
0.034644756,-1.2922837,-0.7275787,-0.68252677,-0.00074925204
0.04197909,-1.2922837,-0.7275787,-0.68252677,-0.00074925204
0.052352473,-1.2922837,-0.7275787,-0.68252677,-0.00074925204
0.06742862,-1.2922837,-0.7275787,-0.68252677,-0.00074925204
0.090110384,-1.2922837,-0.7275787,-0.68252677,-0.00074925204
0.12572148,-1.2922837,-0.7275787,-0.68252677,-0.00074925204
0.1845183,-1.2922837,-0.7275787,-0.68252677,-0.00074925204
0.2867248,-1.2922837,-0.7275787,-0.68252677,-0.00074925204
0.46800402,-1.2922837,-0.7275787,-0.68252677,-0.00074925204
0.7461221,-1.2922837,-0.7275787,-0.68252677,-0.00074925204
0.9281683,-1.2922837,-0.7275787,-0.68252677,-0.00074925204
0.056796923,-1.6709995,-0.9312816,-0.87256694,0.03269661
0.05647255,-1.6709995,-0.9312816,-0.87256694,0.03269661
0.05555918,-1.6709995,-0.9312816,-0.87256694,0.03269661
0.05421096,-1.6709995,-0.9312816,-0.87256694,0.03269661
0.05261848,-1.6709995,-0.9312816,-0.87256694,0.03269661
0.050954312,-1.6709995,-0.9312816,-0.87256694,0.03269661
0.049344588,-1.6709995,-0.93128175,-0.87256694,0.032696623
0.047865227,-1.6709995,-0.93128175,-0.87256694,0.032696623
0.04655221,-1.6709995,-0.9312816,-0.87256694,0.03269661
0.045415178,-1.6709995,-0.9312816,-0.87256694,0.03269661
0.044448584,-1.6709995,-0.9312816,-0.87256694,0.03269661
0.04363977,-1.6709995,-0.9312816,-0.87256694,0.03269661
0.042973794,-1.6709995,-0.9312816,-0.87256694,0.03269661
0.042436052,-1.6709995,-0.9312816,-0.87256694,0.03269661
0.04201365,-1.6709995,-0.9312816,-0.87256694,0.03269661
0.041695967,-1.6709995,-0.9312816,-0.87256694,0.03269661
0.041474804,-1.6709995,-0.9312816,-0.87256694,0.03269661
0.041344386,-1.6709995,-0.9312816,-0.87256694,0.03269661
0.041301295,-1.6709995,-0.9312816,-0.87256694,0.03269661
0.041344386,-1.6709995,-0.9312816,-0.87256694,0.03269661
0.041474804,-1.6709995,-0.9312816,-0.87256694,0.03269661
0.041695967,-1.6709995,-0.9312816,-0.87256694,0.03269661
0.04201365,-1.6709995,-0.9312816,-0.87256694,0.03269661
0.042436052,-1.6709995,-0.9312816,-0.87256694,0.03269661
0.042973794,-1.6709995,-0.9312816,-0.87256694,0.03269661
0.04363977,-1.6709995,-0.9312816,-0.87256694,0.03269661
0.044448584,-1.6709995,-0.9312816,-0.87256694,0.03269661
0.045415178,-1.6709995,-0.9312816,-0.87256694,0.03269661
0.04655221,-1.6709995,-0.9312816,-0.87256694,0.03269661
0.04786519,-1.6709995,-0.9312816,-0.87256694,0.03269661
0.049344577,-1.6709995,-0.9312816,-0.87256694,0.03269661
0.050954312,-1.6709995,-0.9312816,-0.87256694,0.03269661
0.05261848,-1.6709995,-0.9312816,-0.87256694,0.03269661
0.05421096,-1.6709995,-0.9312816,-0.87256694,0.03269661
0.055559184,-1.6709995,-0.9312816,-0.87256694,0.03269661
0.056472555,-1.6709995,-0.9312816,-0.87256694,0.03269661
0.056796923,-1.6709995,-0.9312816,-0.87256694,0.03269661
0.07399227,-1.4013256,-0.77235985,-0.7625989,0.03423332
0.07306486,-1.4013256,-0.7723598,-0.7625989,0.03423332
0.070528954,-1.4013256,-0.7723598,-0.7625989,0.03423332
0.066977456,-1.4013256,-0.77235985,-0.7625989,0.03423332
0.063053615,-1.4013256,-0.77235985,-0.7625989,0.03423332
0.05923883,-1.4013256,-0.77235985,-0.7625989,0.03423332
0.05580102,-1.4013256,-0.77235985,-0.7625989,0.03423332
0.05284147,-1.4013256,-0.77235985,-0.7625989,0.03423332
0.050362617,-1.4013256,-0.77235985,-0.7625989,0.03423332
0.04832057,-1.4013256,-0.77235985,-0.7625989,0.03423332
0.04665639,-1.4013256,-0.77235985,-0.7625989,0.03423332
0.04531187,-1.4013256,-0.77235985,-0.7625989,0.03423332
0.044236034,-1.4013256,-0.77235985,-0.7625989,0.03423332
0.043387096,-1.4013256,-0.77235985,-0.7625989,0.03423332
0.04273215,-1.4013256,-0.77235985,-0.7625989,0.03423332
0.04224624,-1.4013256,-0.77235985,-0.7625989,0.03423332
0.041911256,-1.4013256,-0.77235985,-0.7625989,0.03423332
0.04171496,-1.4013256,-0.77235985,-0.7625989,0.03423332
0.041650295,-1.4013256,-0.77235985,-0.7625989,0.03423332
0.04171496,-1.4013256,-0.77235985,-0.7625989,0.03423332
0.041911256,-1.4013256,-0.77235985,-0.7625989,0.03423332
0.04224624,-1.4013256,-0.77235985,-0.7625989,0.03423332
0.04273215,-1.4013256,-0.77235985,-0.7625989,0.03423332
0.043387096,-1.4013256,-0.77235985,-0.7625989,0.03423332
0.044236034,-1.4013256,-0.77235985,-0.7625989,0.03423332
0.04531186,-1.4013256,-0.77235985,-0.7625989,0.03423332
0.04665639,-1.4013256,-0.77235985,-0.7625989,0.03423332
0.048320573,-1.4013256,-0.77235985,-0.7625989,0.03423332
0.050362617,-1.4013256,-0.77235985,-0.7625989,0.03423332
0.05284146,-1.4013256,-0.77235985,-0.7625989,0.03423332
0.05580102,-1.4013256,-0.77235985,-0.7625989,0.03423332
0.05923883,-1.4013256,-0.77235985,-0.7625989,0.03423332
0.06305362,-1.4013256,-0.77235985,-0.7625989,0.03423332
0.066977456,-1.4013256,-0.7723598,-0.7625989,0.03423332
0.070528954,-1.4013256,-0.7723598,-0.7625989,0.03423332
0.07306486,-1.4013256,-0.77235985,-0.7625989,0.03423332
0.07399227,-1.4013256,-0.77235985,-0.7625989,0.03423332
0.06599733,-1.4978148,-0.82729924,-0.81234765,0.047940325
0.06578821,-1.4978148,-0.82729924,-0.81234765,0.047940325
0.065192804,-1.4978148,-0.82729924,-0.81234765,0.047940325
0.06429564,-1.4978148,-0.82729924,-0.81234765,0.047940325
0.06320663,-1.4978148,-0.82729924,-0.81234765,0.047940325
0.062032856,-1.4978148,-0.82729924,-0.81234765,0.047940325
0.060860608,-1.4978148,-0.82729924,-0.81234765,0.047940325
0.059749305,-1.4978148,-0.82729924,-0.81234765,0.047940325
0.058734007,-1.4978148,-0.82729924,-0.81234765,0.047940325
0.057831414,-1.4978148,-0.82729924,-0.81234765,0.047940325
0.0570461,-1.4978148,-0.82729924,-0.81234765,0.047940325
0.0563756,-1.4978148,-0.82729924,-0.81234765,0.047940325
0.0558139,-1.4978148,-0.82729924,-0.81234765,0.047940325
0.05535378,-1.4978148,-0.82729924,-0.81234765,0.047940325
0.054988068,-1.4978148,-0.82729924,-0.81234765,0.047940325
0.054710466,-1.4978148,-0.82729924,-0.81234765,0.047940325
0.054515887,-1.4978148,-0.82729924,-0.81234765,0.047940325
0.05440062,-1.4978148,-0.82729924,-0.81234765,0.047940325
0.05436245,-1.4978148,-0.82729924,-0.81234765,0.047940325
0.05440062,-1.4978148,-0.82729924,-0.81234765,0.047940325
0.054515883,-1.4978148,-0.82729924,-0.81234765,0.047940325
0.054710466,-1.4978148,-0.82729924,-0.81234765,0.047940325
0.054988068,-1.4978148,-0.82729924,-0.81234765,0.047940325
0.05535378,-1.4978148,-0.82729924,-0.81234765,0.047940325
0.0558139,-1.4978148,-0.82729924,-0.81234765,0.047940325
0.056375597,-1.4978148,-0.82729924,-0.81234765,0.047940325
0.0570461,-1.4978148,-0.82729924,-0.81234765,0.047940325
0.057831414,-1.4978148,-0.82729924,-0.81234765,0.047940325
0.058734,-1.4978149,-0.82729924,-0.8123477,0.047940318
0.059749298,-1.4978149,-0.82729924,-0.8123477,0.047940318
0.060860608,-1.4978148,-0.82729924,-0.81234765,0.047940325
0.062032856,-1.4978148,-0.82729924,-0.81234765,0.047940325
0.06320661,-1.4978148,-0.82729924,-0.81234765,0.047940325
0.06429564,-1.4978148,-0.82729924,-0.81234765,0.047940325
0.065192804,-1.4978148,-0.82729924,-0.81234765,0.047940325
0.06578821,-1.4978148,-0.82729924,-0.81234765,0.047940325
0.06599733,-1.4978148,-0.82729924,-0.81234765,0.047940325
0.17257883,-1.3857048,-0.7730656,-0.73880655,0.005028882
0.15905485,-1.3857048,-0.7730656,-0.73880655,0.005028882
0.12893204,-1.3857048,-0.7730656,-0.73880655,0.005028882
0.09832831,-1.3857048,-0.7730656,-0.73880655,0.005028882
0.07425275,-1.3857048,-0.7730656,-0.73880655,0.005028882
0.05698362,-1.3857048,-0.7730656,-0.73880655,0.005028882
0.044892687,-1.3857048,-0.7730656,-0.73880655,0.005028882
0.036396075,-1.3857048,-0.7730656,-0.73880655,0.005028882
0.030341335,-1.3857048,-0.7730656,-0.73880655,0.005028882
0.025954947,-1.3857048,-0.7730656,-0.73880655,0.005028882
0.022728298,-1.3857048,-0.7730656,-0.73880655,0.005028882
0.020326179,-1.3857048,-0.7730656,-0.73880655,0.005028882
0.018525477,-1.3857048,-0.7730656,-0.73880655,0.005028882
0.017176092,-1.3857048,-0.7730656,-0.73880655,0.005028882
0.016176198,-1.3857048,-0.7730656,-0.73880655,0.005028882
0.015456714,-1.3857048,-0.7730656,-0.73880655,0.005028882
0.014971508,-1.3857048,-0.7730656,-0.73880655,0.005028882
0.0146912085,-1.3857048,-0.7730656,-0.73880655,0.005028882
0.01459952,-1.3857048,-0.7730656,-0.73880655,0.005028882
0.0146912085,-1.3857048,-0.7730656,-0.73880655,0.005028882
0.014971509,-1.3857048,-0.7730656,-0.73880655,0.005028882
0.015456714,-1.3857048,-0.7730656,-0.73880655,0.005028882
0.016176194,-1.3857048,-0.7730656,-0.73880655,0.005028882
0.017176088,-1.3857048,-0.7730656,-0.7388065,0.0050288783
0.018525474,-1.3857048,-0.7730656,-0.7388065,0.0050288783
0.020326179,-1.3857048,-0.7730656,-0.73880655,0.005028882
0.022728298,-1.3857048,-0.7730656,-0.73880655,0.005028882
0.025954947,-1.3857048,-0.7730656,-0.73880655,0.005028882
0.030341309,-1.3857048,-0.7730656,-0.73880655,0.005028882
0.036396075,-1.3857048,-0.7730656,-0.73880655,0.005028882
0.04489264,-1.3857048,-0.7730656,-0.73880655,0.005028882
0.056983583,-1.3857048,-0.7730656,-0.73880655,0.005028882
0.07425276,-1.3857048,-0.7730656,-0.73880655,0.005028882
0.098328196,-1.3857048,-0.7730656,-0.73880655,0.005028882
0.12893188,-1.3857048,-0.7730656,-0.73880655,0.005028882
0.15905485,-1.3857048,-0.7730656,-0.73880655,0.005028882
0.17257883,-1.3857048,-0.7730656,-0.73880655,0.005028882
0.57659966,-1.1265105,-0.6283784,-0.61277074,-0.0072208177
0.5229215,-1.1265105,-0.6283784,-0.61277074,-0.0072208177
0.4060666,-1.1265105,-0.6283784,-0.61277074,-0.0072208177
0.29140306,-1.1265105,-0.6283784,-0.61277074,-0.0072208177
0.2044987,-1.1265105,-0.6283784,-0.61277074,-0.0072208177
0.14441217,-1.1265105,-0.6283784,-0.61277074,-0.0072208177
0.10382954,-1.1265105,-0.6283784,-0.61277074,-0.0072208177
0.076293565,-1.1265105,-0.6283784,-0.61277074,-0.0072208177
0.057319872,-1.1265105,-0.6283784,-0.61277074,-0.0072208177
0.044000544,-1.1265105,-0.6283784,-0.61277074,-0.0072208177
0.03448031,-1.1265105,-0.6283784,-0.61277074,-0.0072208177
0.027571483,-1.1265105,-0.6283784,-0.61277074,-0.0072208177
0.022505386,-1.1265105,-0.6283784,-0.61277074,-0.0072208177
0.018778613,-1.1265105,-0.6283784,-0.61277074,-0.0072208177
0.016058246,-1.1265105,-0.6283784,-0.61277074,-0.0072208177
0.014123518,-1.1265105,-0.6283784,-0.61277074,-0.0072208177
0.012829874,-1.1265105,-0.6283784,-0.61277074,-0.0072208177
0.0120866895,-1.1265105,-0.6283784,-0.61277074,-0.0072208177
0.011844269,-1.1265105,-0.62837845,-0.61277074,-0.0072208038
0.012086705,-1.1265105,-0.62837845,-0.61277074,-0.0072208038
0.012829874,-1.1265105,-0.6283784,-0.61277074,-0.0072208177
0.014123518,-1.1265105,-0.6283784,-0.61277074,-0.0072208177
0.01605823,-1.1265105,-0.6283784,-0.61277074,-0.0072208177
0.018778613,-1.1265105,-0.6283784,-0.61277074,-0.0072208177
0.022505386,-1.1265105,-0.6283784,-0.61277074,-0.0072208177
0.027571483,-1.1265105,-0.6283784,-0.61277074,-0.0072208177
0.03448031,-1.1265105,-0.6283784,-0.61277074,-0.0072208177
0.044000536,-1.1265105,-0.6283784,-0.61277074,-0.0072208177
0.05731985,-1.1265105,-0.6283784,-0.61277074,-0.0072208177
0.076293536,-1.1265105,-0.6283784,-0.61277074,-0.0072208177
0.10382945,-1.1265105,-0.6283784,-0.61277074,-0.0072208177
0.14441212,-1.1265105,-0.6283784,-0.61277074,-0.0072208177
0.20449857,-1.1265105,-0.6283784,-0.61277074,-0.0072208177
0.29140303,-1.1265105,-0.6283784,-0.61277074,-0.0072208177
0.40606657,-1.1265105,-0.6283784,-0.61277074,-0.0072208177
0.5229208,-1.1265105,-0.6283784,-0.61277074,-0.0072208177
0.57659966,-1.1265105,-0.6283784,-0.61277074,-0.0072208177
0.087701455,-1.4648676,-0.8159487,-0.77688134,0.015892547
0.08465049,-1.4648676,-0.8159487,-0.77688134,0.015892547
0.07690072,-1.4648676,-0.8159487,-0.77688134,0.015892547
0.06731224,-1.4648676,-0.8159487,-0.77688134,0.015892547
0.058131877,-1.4648676,-0.8159487,-0.77688134,0.015892547
0.050364345,-1.4648676,-0.8159487,-0.77688134,0.015892547
0.04417307,-1.4648676,-0.8159487,-0.77688134,0.015892547
0.039365627,-1.4648676,-0.8159487,-0.77688134,0.015892547
0.03566546,-1.4648676,-0.8159487,-0.77688134,0.015892547
0.032819092,-1.4648676,-0.8159487,-0.77688134,0.015892547
0.030624148,-1.4648676,-0.8159487,-0.77688134,0.015892547
0.028927956,-1.4648676,-0.8159487,-0.77688134,0.015892547
0.027618341,-1.4648676,-0.8159487,-0.77688134,0.015892547
0.026613899,-1.4648676,-0.8159487,-0.77688134,0.01589255
0.025856081,-1.4648676,-0.8159487,-0.77688134,0.01589255
0.025303345,-1.4648676,-0.8159487,-0.77688134,0.015892547
0.024926946,-1.4648676,-0.8159487,-0.77688134,0.015892547
0.024708144,-1.4648676,-0.8159487,-0.77688134,0.015892547
0.024636347,-1.4648676,-0.8159487,-0.77688134,0.015892547
0.024708144,-1.4648676,-0.8159487,-0.77688134,0.015892547
0.024926946,-1.4648676,-0.8159487,-0.77688134,0.015892547
0.02530334,-1.4648676,-0.8159487,-0.77688134,0.015892547
0.025856078,-1.4648676,-0.8159487,-0.77688134,0.015892547
0.026613895,-1.4648676,-0.8159487,-0.77688134,0.015892547
0.027618341,-1.4648676,-0.8159487,-0.77688134,0.015892547
0.028927956,-1.4648676,-0.8159487,-0.77688134,0.015892547
0.030624148,-1.4648676,-0.8159487,-0.77688134,0.015892547
0.032819092,-1.4648676,-0.8159487,-0.77688134,0.015892547
0.035665452,-1.4648676,-0.8159487,-0.77688134,0.015892547
0.03936563,-1.4648676,-0.8159487,-0.77688134,0.015892547
0.04417307,-1.4648676,-0.8159487,-0.77688134,0.015892547
0.050364334,-1.4648676,-0.8159487,-0.77688134,0.015892547
0.058131848,-1.4648676,-0.8159487,-0.77688134,0.015892547
0.06731224,-1.4648676,-0.8159487,-0.77688134,0.015892547
0.076900706,-1.4648676,-0.8159487,-0.77688134,0.015892547
0.0846505,-1.4648676,-0.8159487,-0.77688134,0.015892547
0.087701455,-1.4648676,-0.8159487,-0.77688134,0.015892547
2.5087686,-1.2896935,-0.7258419,-0.69474226,-0.002772053
1.2602242,-1.2896935,-0.7258419,-0.69474226,-0.002772053
0.49635062,-1.2896935,-0.7258419,-0.69474226,-0.002772053
0.24028149,-1.2896935,-0.7258419,-0.69474226,-0.002772053
0.13563912,-1.2896935,-0.7258419,-0.69474226,-0.002772053
0.0848007,-1.2896935,-0.7258419,-0.69474226,-0.002772053
0.056988396,-1.2896935,-0.7258419,-0.69474226,-0.002772053
0.0404461,-1.2896935,-0.7258419,-0.69474226,-0.002772053
0.029980842,-1.2896935,-0.7258419,-0.69474226,-0.0027720586
0.023041125,-1.2896935,-0.7258419,-0.69474226,-0.0027720586
0.018269451,-1.2896935,-0.7258419,-0.69474226,-0.002772053
0.014898182,-1.2896935,-0.7258419,-0.69474226,-0.002772053
0.012472033,-1.2896935,-0.7258419,-0.69474226,-0.002772053
0.010710751,-1.2896935,-0.7258419,-0.69474226,-0.002772053
0.009437089,-1.2896935,-0.7258419,-0.69474226,-0.002772053
0.008537211,-1.2896935,-0.7258419,-0.69474226,-0.002772053
0.007938197,-1.2896935,-0.7258419,-0.69474226,-0.002772053
0.007595037,-1.2896935,-0.7258419,-0.69474226,-0.002772053
0.007483245,-1.2896935,-0.7258419,-0.69474226,-0.002772053
0.007595037,-1.2896935,-0.7258419,-0.69474226,-0.002772053
0.007938197,-1.2896935,-0.7258419,-0.69474226,-0.002772053
0.008537211,-1.2896935,-0.7258419,-0.69474226,-0.002772053
0.009437089,-1.2896935,-0.7258419,-0.69474226,-0.002772053
0.010710751,-1.2896935,-0.7258419,-0.69474226,-0.002772053
0.012472033,-1.2896935,-0.7258419,-0.69474226,-0.002772053
0.014898178,-1.2896935,-0.7258419,-0.69474226,-0.002772053
0.018269446,-1.2896935,-0.7258419,-0.69474226,-0.002772053
0.023041131,-1.2896935,-0.7258419,-0.69474226,-0.002772053
0.02998084,-1.2896935,-0.7258419,-0.69474226,-0.002772053
0.040446077,-1.2896935,-0.7258419,-0.69474226,-0.002772053
0.05698837,-1.2896935,-0.7258419,-0.69474226,-0.002772053
0.084800705,-1.2896935,-0.7258419,-0.69474226,-0.002772053
0.13563886,-1.2896935,-0.7258419,-0.69474226,-0.002772053
0.24028109,-1.2896935,-0.7258419,-0.69474226,-0.002772053
0.4963492,-1.2896935,-0.7258419,-0.69474226,-0.002772053
1.2602154,-1.2896935,-0.7258419,-0.69474226,-0.002772053
2.5087686,-1.2896935,-0.7258419,-0.69474226,-0.002772053
0.06276989,-1.5405675,-0.853379,-0.82891476,0.046723414
0.06261123,-1.5405675,-0.853379,-0.82891476,0.046723414
0.062157188,-1.5405675,-0.853379,-0.82891476,0.046723414
0.061466508,-1.5405675,-0.853379,-0.8289147,0.046723407
0.06061744,-1.5405675,-0.853379,-0.8289147,0.046723407
0.059688978,-1.5405675,-0.853379,-0.82891476,0.046723414
0.0587477,-1.5405675,-0.853379,-0.82891476,0.046723414
0.057842243,-1.5405675,-0.853379,-0.82891476,0.046723414
0.0570037,-1.5405675,-0.853379,-0.82891476,0.046723414
0.05624909,-1.5405675,-0.853379,-0.82891476,0.046723414
0.05558548,-1.5405675,-0.853379,-0.82891476,0.046723414
0.055013657,-1.5405675,-0.853379,-0.82891476,0.046723414
0.05453092,-1.5405675,-0.853379,-0.82891476,0.046723414
0.054132953,-1.5405675,-0.853379,-0.82891476,0.046723414
0.053815033,-1.5405675,-0.853379,-0.82891476,0.046723414
0.053572755,-1.5405675,-0.853379,-0.82891476,0.046723414
0.053402446,-1.5405675,-0.853379,-0.82891476,0.046723414
0.053301375,-1.5405675,-0.853379,-0.82891476,0.046723414
0.05326787,-1.5405675,-0.853379,-0.82891476,0.046723414
0.053301375,-1.5405675,-0.853379,-0.82891476,0.046723414
0.053402446,-1.5405675,-0.853379,-0.82891476,0.046723414
0.05357276,-1.5405675,-0.853379,-0.82891476,0.046723414
0.053815037,-1.5405675,-0.853379,-0.82891476,0.046723414
0.054132953,-1.5405675,-0.853379,-0.82891476,0.046723414
0.05453092,-1.5405675,-0.853379,-0.82891476,0.046723414
0.055013657,-1.5405675,-0.853379,-0.82891476,0.046723414
0.055585474,-1.5405675,-0.853379,-0.82891476,0.046723414
0.05624909,-1.5405675,-0.853379,-0.82891476,0.046723414
0.057003703,-1.5405675,-0.853379,-0.82891476,0.046723414
0.057842247,-1.5405675,-0.853379,-0.82891476,0.046723414
0.0587477,-1.5405675,-0.853379,-0.82891476,0.046723414
0.059688978,-1.5405675,-0.853379,-0.82891476,0.046723414
0.060617447,-1.5405675,-0.853379,-0.82891476,0.046723414
0.06146651,-1.5405675,-0.853379,-0.82891476,0.046723414
0.062157188,-1.5405675,-0.853379,-0.82891476,0.046723414
0.06261122,-1.5405675,-0.853379,-0.8289147,0.046723407
0.062769875,-1.5405675,-0.853379,-0.8289147,0.046723407
0.059271492,-1.653427,-0.9220052,-0.8619958,0.0301536
0.058828823,-1.653427,-0.9220052,-0.8619958,0.0301536
0.05759023,-1.653427,-0.9220052,-0.8619958,0.0301536
0.055782728,-1.653427,-0.9220052,-0.8619958,0.0301536
0.053679056,-1.653427,-0.9220052,-0.8619958,0.0301536
0.051516335,-1.653427,-0.9220052,-0.8619958,0.0301536
0.04945828,-1.653427,-0.9220052,-0.8619958,0.0301536
0.04759594,-1.653427,-0.9220052,-0.8619958,0.0301536
0.045966096,-1.653427,-0.9220052,-0.8619958,0.0301536
0.044572,-1.653427,-0.9220052,-0.8619958,0.0301536
0.043399483,-1.653427,-0.9220052,-0.8619958,0.0301536
0.04242727,-1.653427,-0.9220052,-0.8619958,0.0301536
0.041632835,-1.653427,-0.9220052,-0.8619958,0.0301536
0.04099538,-1.653427,-0.9220052,-0.8619958,0.0301536
0.0404972,-1.653427,-0.9220052,-0.8619958,0.0301536
0.04012399,-1.653427,-0.9220052,-0.8619958,0.0301536
0.039864924,-1.653427,-0.9220052,-0.8619958,0.0301536
0.039712444,-1.653427,-0.9220052,-0.8619958,0.0301536
0.039662108,-1.653427,-0.9220052,-0.8619958,0.0301536
0.039712444,-1.653427,-0.9220052,-0.8619958,0.0301536
0.039864924,-1.653427,-0.9220052,-0.8619958,0.0301536
0.040123988,-1.653427,-0.9220052,-0.8619958,0.0301536
0.0404972,-1.653427,-0.9220052,-0.8619958,0.0301536
0.04099538,-1.653427,-0.9220052,-0.8619958,0.0301536
0.041632835,-1.653427,-0.9220052,-0.8619958,0.0301536
0.04242727,-1.653427,-0.9220052,-0.8619958,0.0301536
0.043399483,-1.653427,-0.9220052,-0.8619958,0.0301536
0.044572,-1.653427,-0.9220052,-0.8619958,0.0301536
0.045966096,-1.653427,-0.9220052,-0.8619958,0.0301536
0.047595944,-1.653427,-0.9220052,-0.8619958,0.0301536
0.049458306,-1.6534268,-0.9220051,-0.8619959,0.030153625
0.051516343,-1.6534268,-0.9220051,-0.8619959,0.030153625
0.053679064,-1.653427,-0.9220052,-0.8619958,0.0301536
0.055782728,-1.653427,-0.9220052,-0.8619958,0.0301536
0.05759024,-1.653427,-0.9220052,-0.8619958,0.0301536
0.058828823,-1.653427,-0.9220052,-0.8619958,0.0301536
0.059271492,-1.653427,-0.9220052,-0.8619958,0.0301536
0.25888976,-1.1082431,-0.61590075,-0.59761,-0.0015760392
0.25148425,-1.1082431,-0.61590075,-0.59761,-0.0015760392
0.23144701,-1.1082431,-0.61590075,-0.59761,-0.0015760392
0.20392117,-1.1082431,-0.61590075,-0.59761,-0.0015760392
0.17427206,-1.1082431,-0.61590075,-0.59761,-0.0015760392
0.14626996,-1.1082431,-0.61590075,-0.59761,-0.0015760392
0.12179956,-1.1082431,-0.61590075,-0.59761,-0.0015760392
0.10138437,-1.1082431,-0.61590075,-0.59761,-0.0015760392
0.08481063,-1.1082431,-0.61590075,-0.59761,-0.0015760392
0.07156644,-1.1082431,-0.61590075,-0.59761,-0.0015760392
0.06108241,-1.1082431,-0.61590075,-0.59761,-0.0015760392
0.052839525,-1.1082431,-0.61590075,-0.59761,-0.0015760392
0.046405964,-1.1082431,-0.61590075,-0.59761,-0.0015760392
0.04144012,-1.1082431,-0.61590075,-0.59761,-0.0015760392
0.037680868,-1.1082431,-0.61590075,-0.59761,-0.0015760392
0.03493471,-1.1082431,-0.61590075,-0.59761,-0.0015760392
0.03306369,-1.1082431,-0.61590075,-0.59761,-0.0015760392
0.031975992,-1.1082431,-0.61590075,-0.59761,-0.0015760392
0.03161911,-1.1082431,-0.61590075,-0.59761,-0.0015760392
0.031975992,-1.1082431,-0.61590075,-0.59761,-0.0015760392
0.03306369,-1.1082431,-0.61590075,-0.59761,-0.0015760392
0.034934707,-1.1082431,-0.61590075,-0.59761,-0.0015760392
0.037680868,-1.1082431,-0.61590075,-0.59761,-0.0015760392
0.04144012,-1.1082431,-0.61590075,-0.59761,-0.0015760392
0.046405964,-1.1082431,-0.61590075,-0.59761,-0.0015760392
0.05283952,-1.1082432,-0.61590075,-0.59761,-0.0015760439
0.061082408,-1.1082432,-0.61590075,-0.59761,-0.0015760439
0.07156644,-1.1082431,-0.61590075,-0.59761,-0.0015760392
0.084810585,-1.1082431,-0.61590075,-0.59761,-0.0015760392
0.1013843,-1.1082431,-0.61590075,-0.59761,-0.0015760392
0.12179954,-1.1082431,-0.61590075,-0.59761,-0.0015760392
0.14626983,-1.1082431,-0.61590075,-0.59761,-0.0015760392
0.17427197,-1.1082431,-0.61590075,-0.59761,-0.0015760392
0.20392117,-1.1082431,-0.61590075,-0.59761,-0.0015760392
0.23144701,-1.1082431,-0.61590075,-0.59761,-0.0015760392
0.2514841,-1.1082431,-0.61590075,-0.59761,-0.0015760392
0.25888976,-1.1082431,-0.61590075,-0.59761,-0.0015760392
0.110775664,-1.4364263,-0.7992041,-0.76871246,0.012377949
0.10449523,-1.4364263,-0.7992041,-0.76871246,0.012377949
0.08969139,-1.4364263,-0.7992041,-0.76871246,0.012377949
0.07337232,-1.4364263,-0.7992041,-0.76871246,0.012377949
0.05950167,-1.4364263,-0.7992041,-0.76871246,0.012377949
0.048913397,-1.4364263,-0.7992041,-0.76871246,0.012377949
0.041139357,-1.4364263,-0.7992041,-0.76871246,0.012377949
0.03547445,-1.4364263,-0.7992041,-0.76871246,0.012377949
0.031321757,-1.4364263,-0.7992041,-0.76871246,0.012377949
0.02824463,-1.4364263,-0.7992041,-0.76871246,0.012377949
0.025939135,-1.4364263,-0.7992041,-0.76871246,0.012377949
0.024196677,-1.4364263,-0.7992041,-0.76871246,0.012377949
0.022874162,-1.4364263,-0.7992041,-0.76871246,0.012377949
0.021873005,-1.4364263,-0.7992041,-0.76871246,0.012377949
0.021125091,-1.4364263,-0.7992041,-0.76871246,0.012377949
0.020583514,-1.4364263,-0.7992041,-0.76871246,0.012377949
0.020216592,-1.4364263,-0.7992041,-0.76871246,0.012377949
0.020003978,-1.4364263,-0.7992041,-0.76871246,0.012377949
0.019934326,-1.4364263,-0.7992041,-0.76871246,0.012377949
0.020003978,-1.4364263,-0.7992041,-0.76871246,0.012377949
0.020216592,-1.4364263,-0.7992041,-0.76871246,0.01237795
0.020583516,-1.4364263,-0.7992041,-0.76871246,0.01237795
0.021125091,-1.4364263,-0.7992041,-0.76871246,0.012377949
0.021873005,-1.4364263,-0.7992041,-0.76871246,0.012377949
0.022874162,-1.4364263,-0.7992041,-0.76871246,0.012377949
0.024196677,-1.4364263,-0.7992041,-0.76871246,0.012377949
0.025939135,-1.4364263,-0.7992041,-0.76871246,0.012377949
0.028244628,-1.4364263,-0.7992041,-0.76871246,0.012377949
0.03132175,-1.4364263,-0.7992041,-0.76871246,0.012377949
0.03547444,-1.4364263,-0.7992041,-0.76871246,0.012377949
0.041139357,-1.4364263,-0.7992041,-0.76871246,0.012377949
0.048913375,-1.4364263,-0.7992041,-0.76871246,0.012377949
0.05950164,-1.4364263,-0.7992041,-0.76871246,0.012377949
0.07337232,-1.4364263,-0.7992041,-0.76871246,0.012377949
0.089691214,-1.4364263,-0.7992041,-0.76871246,0.012377949
0.10449511,-1.4364263,-0.7992041,-0.76871246,0.012377949
0.110775664,-1.4364263,-0.7992041,-0.76871246,0.012377949
2.0212145,-1.1536833,-0.6598102,-0.6178945,0.008896316
1.5975181,-1.1536833,-0.6598102,-0.6178945,0.008896316
0.97597766,-1.1536833,-0.6598102,-0.6178945,0.008896316
0.5871377,-1.1536833,-0.6598102,-0.6178945,0.008896316
0.37380785,-1.1536833,-0.6598102,-0.6178945,0.008896316
0.25339064,-1.1536833,-0.6598102,-0.6178945,0.008896316
0.18157999,-1.1536833,-0.6598102,-0.6178945,0.008896316
0.13648888,-1.1536833,-0.6598102,-0.6178945,0.008896316
0.106927425,-1.1536833,-0.6598102,-0.6178945,0.008896316
0.08685729,-1.1536833,-0.6598102,-0.6178945,0.008896316
0.07284777,-1.1536833,-0.6598102,-0.6178945,0.008896316
0.062860996,-1.1536833,-0.6598102,-0.6178945,0.008896316
0.055641375,-1.1536833,-0.6598102,-0.6178945,0.008896316
0.050392438,-1.1536833,-0.6598102,-0.6178945,0.008896316
0.046598315,-1.1536833,-0.6598102,-0.6178945,0.008896316
0.043921497,-1.1536833,-0.6598102,-0.6178945,0.00889632
0.04214268,-1.1536833,-0.6598102,-0.6178945,0.00889632
0.041125096,-1.1536833,-0.6598102,-0.6178945,0.008896316
0.040793832,-1.1536833,-0.6598102,-0.6178945,0.008896316
0.041125096,-1.1536833,-0.6598102,-0.6178945,0.008896316
0.042142674,-1.1536833,-0.6598102,-0.6178945,0.008896316
0.043921497,-1.1536833,-0.6598102,-0.6178945,0.008896316
0.04659832,-1.1536833,-0.6598102,-0.6178945,0.008896316
0.050392438,-1.1536833,-0.6598102,-0.6178945,0.008896316
0.055641375,-1.1536833,-0.6598102,-0.6178945,0.008896316
0.062860996,-1.1536833,-0.6598102,-0.6178945,0.008896316
0.07284775,-1.1536833,-0.6598102,-0.6178945,0.008896316
0.0868573,-1.1536833,-0.6598102,-0.6178945,0.008896316
0.10692734,-1.1536833,-0.6598102,-0.6178945,0.008896316
0.13648888,-1.1536833,-0.6598102,-0.6178945,0.008896316
0.18157984,-1.1536833,-0.6598102,-0.6178945,0.008896316
0.25339022,-1.1536833,-0.6598102,-0.6178945,0.008896316
0.37380785,-1.1536833,-0.6598102,-0.6178945,0.008896316
0.5871377,-1.1536833,-0.6598102,-0.6178945,0.008896316
0.97597474,-1.1536833,-0.6598102,-0.6178945,0.008896316
1.5975038,-1.1536833,-0.6598102,-0.6178945,0.008896316
2.0212145,-1.1536833,-0.6598102,-0.6178945,0.008896316
0.9444188,-1.2226888,-0.6886059,-0.6485816,-0.00094197807
0.79919577,-1.2226888,-0.6886059,-0.6485816,-0.00094197807
0.5445704,-1.2226888,-0.6886059,-0.6485816,-0.00094197807
0.35269037,-1.2226888,-0.6886059,-0.6485816,-0.00094197807
0.23379816,-1.2226888,-0.6886059,-0.6485816,-0.00094197807
0.161559,-1.2226888,-0.6886059,-0.6485816,-0.00094197807
0.116411015,-1.2226888,-0.6886059,-0.6485816,-0.00094197807
0.08712993,-1.2226888,-0.6886059,-0.6485816,-0.00094197807
0.067466065,-1.2226888,-0.6886059,-0.6485816,-0.00094197807
0.053860422,-1.2226888,-0.6886059,-0.6485816,-0.00094197807
0.04421478,-1.2226888,-0.68860596,-0.6485816,-0.00094199856
0.037248947,-1.2226888,-0.68860596,-0.6485816,-0.00094199856
0.03215767,-1.2226888,-0.6886059,-0.6485816,-0.00094197807
0.028421732,-1.2226888,-0.6886059,-0.6485816,-0.00094197807
0.025700547,-1.2226888,-0.6886059,-0.6485816,-0.00094197807
0.02376892,-1.2226888,-0.6886059,-0.6485816,-0.00094197807
0.02247937,-1.2226888,-0.6886059,-0.6485816,-0.00094197807
0.021739407,-1.2226888,-0.6886059,-0.6485816,-0.00094197807
0.021498159,-1.2226888,-0.6886059,-0.6485816,-0.00094197807
0.021739407,-1.2226888,-0.6886059,-0.6485816,-0.00094197807
0.02247937,-1.2226888,-0.6886059,-0.6485816,-0.00094197807
0.023768911,-1.2226888,-0.6886059,-0.6485816,-0.00094197807
0.025700547,-1.2226888,-0.6886059,-0.6485816,-0.00094197807
0.028421732,-1.2226888,-0.6886059,-0.6485816,-0.00094197807
0.03215767,-1.2226888,-0.6886059,-0.6485816,-0.00094197807
0.037248954,-1.2226888,-0.6886059,-0.6485816,-0.00094197807
0.0442148,-1.2226888,-0.6886059,-0.6485816,-0.00094197807
0.053860426,-1.2226888,-0.6886059,-0.6485816,-0.00094197807
0.06746606,-1.2226888,-0.6886059,-0.6485816,-0.00094197807
0.08712993,-1.2226888,-0.6886059,-0.6485816,-0.00094197807
0.11641102,-1.2226888,-0.6886059,-0.6485816,-0.00094197807
0.16155888,-1.2226888,-0.6886059,-0.6485816,-0.00094197807
0.23379791,-1.2226888,-0.6886059,-0.6485816,-0.00094197807
0.3526904,-1.2226888,-0.6886059,-0.6485816,-0.00094197807
0.54457045,-1.2226888,-0.6886059,-0.6485816,-0.00094197807
0.79919577,-1.2226888,-0.6886059,-0.6485816,-0.00094197807
0.9444188,-1.2226888,-0.6886059,-0.6485816,-0.00094197807
0.08891091,-1.4000281,-0.7700909,-0.7643971,0.035151973
0.08704945,-1.4000281,-0.7700909,-0.7643971,0.035151973
0.08216052,-1.4000281,-0.7700909,-0.7643971,0.035151973
0.07577223,-1.4000281,-0.7700909,-0.7643971,0.035151973
0.0692744,-1.4000281,-0.7700909,-0.7643971,0.035151973
0.06346007,-1.4000281,-0.77009094,-0.7643971,0.035151985
0.058601793,-1.4000281,-0.77009094,-0.7643971,0.035151985
0.054683134,-1.4000281,-0.7700909,-0.7643971,0.035151973
0.051574625,-1.4000281,-0.7700909,-0.7643971,0.035151973
0.049125314,-1.4000281,-0.7700909,-0.7643971,0.035151973
0.047199804,-1.4000281,-0.7700909,-0.7643971,0.035151973
0.045688387,-1.4000281,-0.7700909,-0.7643971,0.035151973
0.044506412,-1.4000281,-0.7700909,-0.7643971,0.035151973
0.04359034,-1.4000281,-0.7700909,-0.7643971,0.035151973
0.042893335,-1.4000281,-0.7700909,-0.7643971,0.035151973
0.042381566,-1.4000281,-0.7700909,-0.7643971,0.035151973
0.042031348,-1.4000281,-0.7700909,-0.7643971,0.035151973
0.041827098,-1.4000281,-0.7700909,-0.7643971,0.035151973
0.04175997,-1.4000281,-0.7700909,-0.7643971,0.035151973
0.041827098,-1.4000281,-0.7700909,-0.7643971,0.035151973
0.042031348,-1.4000281,-0.7700909,-0.7643971,0.035151973
0.042381566,-1.4000281,-0.7700909,-0.7643971,0.035151973
0.042893335,-1.4000281,-0.7700909,-0.7643971,0.035151973
0.04359034,-1.4000281,-0.7700909,-0.7643971,0.035151973
0.044506412,-1.4000281,-0.7700909,-0.7643971,0.035151973
0.045688387,-1.4000281,-0.7700909,-0.7643971,0.035151973
0.047199804,-1.4000281,-0.7700909,-0.7643971,0.035151973
0.049125314,-1.4000281,-0.7700909,-0.7643971,0.035151973
0.051574618,-1.4000281,-0.7700909,-0.7643971,0.035151973
0.05468313,-1.4000281,-0.7700909,-0.7643971,0.035151973
0.058601767,-1.4000281,-0.7700909,-0.7643971,0.035151973
0.06346005,-1.4000281,-0.7700909,-0.7643971,0.035151973
0.0692744,-1.4000281,-0.7700909,-0.7643971,0.035151973
0.07577224,-1.4000281,-0.7700909,-0.7643971,0.035151973
0.082160495,-1.4000281,-0.7700909,-0.7643971,0.035151973
0.08704941,-1.4000281,-0.7700909,-0.7643971,0.035151973
0.08891091,-1.4000281,-0.7700909,-0.7643971,0.035151973
0.90987414,-1.1879257,-0.6662638,-0.6423259,-0.0050809886
0.75219536,-1.1879257,-0.6662638,-0.6423259,-0.0050809886
0.48968303,-1.1879257,-0.6662638,-0.6423258,-0.0050809877
0.30323446,-1.1879257,-0.6662638,-0.6423258,-0.0050809877
0.19284464,-1.1879257,-0.6662638,-0.6423258,-0.0050809877
0.12805201,-1.1879257,-0.6662638,-0.6423258,-0.0050809877
0.088697635,-1.1879257,-0.6662638,-0.6423258,-0.0050809877
0.063797876,-1.1879257,-0.6662638,-0.6423258,-0.0050809877
0.04743277,-1.1879257,-0.6662638,-0.6423258,-0.0050809877
0.03631567,-1.1879257,-0.6662638,-0.6423258,-0.0050809877
0.02855293,-1.1879257,-0.6662638,-0.6423258,-0.0050809877
0.023014177,-1.1879257,-0.6662638,-0.6423258,-0.0050809877
0.019003164,-1.1879257,-0.6662638,-0.6423258,-0.0050809877
0.016079899,-1.1879257,-0.6662638,-0.6423258,-0.0050809877
0.013960765,-1.1879257,-0.6662638,-0.6423258,-0.0050809877
0.012461311,-1.1879257,-0.6662638,-0.6423258,-0.0050809877
0.011462274,-1.1879257,-0.6662638,-0.6423258,-0.0050809877
0.010889652,-1.1879257,-0.6662638,-0.6423258,-0.0050809877
0.010703067,-1.1879257,-0.6662638,-0.6423258,-0.0050809877
0.010889652,-1.1879257,-0.6662638,-0.6423258,-0.0050809877
0.011462268,-1.1879257,-0.6662638,-0.6423258,-0.0050809877
0.012461304,-1.1879257,-0.6662638,-0.6423258,-0.0050809877
0.013960765,-1.1879257,-0.6662638,-0.6423258,-0.0050809877
0.016079899,-1.1879257,-0.6662638,-0.6423258,-0.0050809877
0.019003164,-1.1879257,-0.6662638,-0.6423258,-0.0050809877
0.02301415,-1.1879257,-0.6662638,-0.6423258,-0.0050809877
0.02855292,-1.1879257,-0.6662638,-0.6423258,-0.0050809877
0.036315672,-1.1879257,-0.6662638,-0.6423258,-0.0050809877
0.047432773,-1.1879257,-0.6662638,-0.6423258,-0.0050809877
0.06379788,-1.1879257,-0.6662638,-0.6423258,-0.0050809877
0.08869765,-1.1879257,-0.6662638,-0.6423258,-0.0050809877
0.12805192,-1.1879257,-0.6662638,-0.6423258,-0.0050809877
0.19284433,-1.1879257,-0.6662638,-0.6423259,-0.0050809886
0.30323446,-1.1879257,-0.6662638,-0.6423259,-0.0050809886
0.4896814,-1.1879257,-0.6662638,-0.6423258,-0.0050809877
0.75219357,-1.1879257,-0.6662638,-0.6423258,-0.0050809877
0.90987414,-1.1879257,-0.6662638,-0.6423258,-0.0050809877
0.8318387,-1.2765008,-0.71775013,-0.6790589,-0.0020649259
0.6718381,-1.2765008,-0.71775013,-0.6790589,-0.0020649259
0.4236212,-1.2765008,-0.71775013,-0.6790589,-0.0020649259
0.2594223,-1.2765008,-0.71775013,-0.6790589,-0.0020649259
0.16610496,-1.2765008,-0.71775013,-0.6790589,-0.0020649259
0.112273216,-1.2765008,-0.71775013,-0.6790589,-0.0020649259
0.07968199,-1.2765008,-0.71775013,-0.6790589,-0.0020649259
0.058969162,-1.2765008,-0.71775013,-0.6790589,-0.0020649259
0.045243945,-1.2765008,-0.71775013,-0.6790589,-0.0020649259
0.035831455,-1.2765008,-0.71775013,-0.6790589,-0.0020649259
0.029197639,-1.2765008,-0.71775013,-0.6790589,-0.0020649259
0.024424775,-1.2765008,-0.71775013,-0.6790589,-0.0020649259
0.02094413,-1.2765008,-0.71775013,-0.6790589,-0.0020649259
0.018393148,-1.2765008,-0.71775013,-0.6790589,-0.0020649259
0.016536014,-1.2765008,-0.71775013,-0.6790589,-0.0020649259
0.01521787,-1.2765008,-0.71775013,-0.6790589,-0.0020649259
0.014337788,-1.2765008,-0.71775013,-0.6790589,-0.0020649259
0.013832708,-1.2765008,-0.71775013,-0.6790589,-0.0020649259
0.01366802,-1.2765008,-0.71775013,-0.6790589,-0.0020649259
0.013832708,-1.2765008,-0.71775013,-0.6790589,-0.0020649259
0.014337788,-1.2765008,-0.71775013,-0.6790589,-0.0020649259
0.015217862,-1.2765008,-0.71775013,-0.6790589,-0.0020649259
0.016536012,-1.2765008,-0.71775013,-0.6790589,-0.0020649259
0.018393148,-1.2765008,-0.71775013,-0.6790589,-0.0020649259
0.02094413,-1.2765008,-0.71775013,-0.6790589,-0.0020649259
0.024424775,-1.2765008,-0.71775013,-0.6790589,-0.0020649259
0.029197639,-1.2765008,-0.71775013,-0.6790589,-0.0020649259
0.03583144,-1.2765008,-0.7177502,-0.6790589,-0.002064939
0.045243908,-1.2765008,-0.7177502,-0.6790589,-0.002064939
0.058969166,-1.2765008,-0.71775013,-0.6790589,-0.0020649259
0.079682,-1.2765008,-0.71775013,-0.6790589,-0.0020649259
0.11227313,-1.2765008,-0.71775013,-0.6790589,-0.0020649259
0.16610497,-1.2765008,-0.71775013,-0.6790589,-0.0020649259
0.2594219,-1.2765008,-0.71775013,-0.6790589,-0.0020649259
0.42362127,-1.2765008,-0.71775013,-0.6790589,-0.0020649259
0.67183316,-1.2765008,-0.71775013,-0.6790589,-0.0020649259
0.8318387,-1.2765008,-0.71775013,-0.6790589,-0.0020649259
0.07805391,-1.4212346,-0.77823305,-0.7796364,0.05460668
0.07773621,-1.4212346,-0.77823305,-0.7796364,0.05460668
0.076835215,-1.4212346,-0.77823305,-0.7796364,0.05460668
0.075487584,-1.4212346,-0.77823305,-0.7796364,0.05460668
0.07386795,-1.4212346,-0.77823305,-0.7796364,0.05460668
0.07214238,-1.4212346,-0.77823305,-0.7796364,0.05460668
0.07044013,-1.4212346,-0.77823305,-0.7796364,0.05460668
0.06884614,-1.4212346,-0.77823305,-0.7796364,0.05460668
0.06740698,-1.4212346,-0.77823305,-0.7796364,0.05460668
0.066141546,-1.4212346,-0.77823305,-0.7796364,0.05460668
0.065051444,-1.4212346,-0.77823305,-0.7796364,0.05460668
0.06412883,-1.4212346,-0.77823305,-0.7796364,0.05460668
0.06336179,-1.4212346,-0.77823305,-0.7796364,0.05460668
0.06273743,-1.4212346,-0.77823305,-0.7796364,0.05460668
0.062243767,-1.4212346,-0.77823305,-0.7796364,0.05460668
0.06187056,-1.4212346,-0.77823305,-0.7796364,0.05460668
0.06160975,-1.4212346,-0.77823305,-0.7796364,0.05460668
0.061455563,-1.4212346,-0.77823305,-0.7796364,0.05460668
0.06140455,-1.4212346,-0.77823305,-0.7796364,0.05460668
0.061455563,-1.4212346,-0.77823305,-0.7796364,0.05460668
0.06160975,-1.4212346,-0.77823305,-0.7796364,0.05460668
0.06187056,-1.4212346,-0.77823305,-0.7796364,0.05460668
0.06224376,-1.4212345,-0.7782332,-0.77963644,0.054606676
0.06273743,-1.4212345,-0.7782332,-0.77963644,0.054606676
0.06336179,-1.4212346,-0.77823305,-0.7796364,0.05460668
0.06412883,-1.4212346,-0.77823305,-0.7796364,0.05460668
0.065051444,-1.4212346,-0.77823305,-0.7796364,0.05460668
0.066141546,-1.4212346,-0.77823305,-0.7796364,0.05460668
0.06740698,-1.4212346,-0.77823305,-0.7796364,0.05460668
0.06884613,-1.4212346,-0.77823305,-0.7796364,0.05460668
0.07044013,-1.4212346,-0.77823305,-0.7796364,0.05460668
0.07214238,-1.4212346,-0.77823305,-0.7796364,0.05460668
0.07386795,-1.4212346,-0.77823305,-0.7796364,0.05460668
0.075487584,-1.4212346,-0.77823305,-0.7796364,0.05460668
0.07683522,-1.4212346,-0.77823305,-0.7796364,0.05460668
0.07773621,-1.4212346,-0.77823305,-0.7796364,0.05460668
0.07805391,-1.4212346,-0.77823305,-0.7796364,0.05460668
0.08314902,-1.416145,-0.7768307,-0.77582633,0.04772425
0.08232996,-1.416145,-0.7768307,-0.77582633,0.04772425
0.08008741,-1.416145,-0.7768307,-0.77582633,0.04772425
0.07693939,-1.416145,-0.7768307,-0.77582633,0.04772425
0.0734506,-1.416145,-0.7768307,-0.77582633,0.04772425
0.0700466,-1.416145,-0.7768307,-0.77582633,0.04772425
0.066967346,-1.416145,-0.7768307,-0.77582633,0.04772425
0.06430628,-1.416145,-0.7768307,-0.77582633,0.04772425
0.062069062,-1.416145,-0.7768307,-0.77582633,0.04772425
0.060219474,-1.416145,-0.7768307,-0.77582633,0.04772425
0.058707133,-1.416145,-0.7768307,-0.77582633,0.04772425
0.057481598,-1.416145,-0.7768307,-0.77582633,0.04772425
0.056498386,-1.416145,-0.7768307,-0.77582633,0.04772425
0.055720754,-1.416145,-0.7768307,-0.77582633,0.04772425
0.055119682,-1.416145,-0.7768307,-0.77582633,0.04772425
0.054673076,-1.416145,-0.7768307,-0.77582633,0.04772425
0.054364834,-1.416145,-0.7768307,-0.77582633,0.04772425
0.054184075,-1.416145,-0.7768307,-0.7758263,0.04772425
0.05412451,-1.416145,-0.7768307,-0.7758263,0.04772425
0.054184075,-1.416145,-0.7768307,-0.77582633,0.04772425
0.054364834,-1.416145,-0.7768307,-0.77582633,0.04772425
0.054673076,-1.416145,-0.7768307,-0.77582633,0.04772425
0.055119682,-1.416145,-0.7768307,-0.77582633,0.04772425
0.055720754,-1.416145,-0.7768307,-0.77582633,0.04772425
0.056498386,-1.416145,-0.7768307,-0.77582633,0.04772425
0.057481598,-1.416145,-0.7768307,-0.77582633,0.04772425
0.058707133,-1.416145,-0.7768307,-0.77582633,0.04772425
0.060219474,-1.416145,-0.7768307,-0.77582633,0.04772425
0.062069066,-1.416145,-0.7768307,-0.77582633,0.04772425
0.06430628,-1.416145,-0.7768307,-0.77582633,0.04772425
0.06696734,-1.416145,-0.7768307,-0.77582633,0.04772425
0.0700466,-1.416145,-0.7768307,-0.77582633,0.04772425
0.07345059,-1.416145,-0.7768307,-0.77582633,0.04772425
0.07693939,-1.416145,-0.7768307,-0.77582633,0.04772425
0.08008741,-1.416145,-0.7768307,-0.77582633,0.04772425
0.08232996,-1.416145,-0.7768307,-0.77582633,0.04772425
0.08314902,-1.416145,-0.7768307,-0.77582633,0.04772425
0.12851812,-1.36875,-0.7572421,-0.74262327,0.015094212
0.12128166,-1.36875,-0.7572421,-0.74262327,0.015094212
0.10412673,-1.36875,-0.7572421,-0.74262327,0.015094212
0.08507148,-1.36875,-0.7572421,-0.74262327,0.015094212
0.06878188,-1.36875,-0.7572421,-0.74262327,0.015094212
0.056317694,-1.36875,-0.7572421,-0.74262327,0.015094212
0.0471728,-1.36875,-0.7572421,-0.74262327,0.015094212
0.040527817,-1.36875,-0.7572421,-0.74262327,0.015094212
0.03567596,-1.36875,-0.7572421,-0.74262327,0.015094212
0.03209622,-1.36875,-0.7572421,-0.74262327,0.015094212
0.029425137,-1.36875,-0.7572421,-0.74262327,0.015094212
0.027413638,-1.36875,-0.7572421,-0.74262327,0.015094212
0.02589142,-1.36875,-0.75724214,-0.7426234,0.015094214
0.024741717,-1.36875,-0.75724214,-0.7426234,0.015094214
0.023884255,-1.36875,-0.7572421,-0.74262327,0.015094212
0.023264073,-1.36875,-0.7572421,-0.74262327,0.015094212
0.022844207,-1.36875,-0.7572421,-0.74262327,0.015094212
0.022601025,-1.36875,-0.7572421,-0.74262327,0.015094212
0.022521367,-1.36875,-0.7572421,-0.74262327,0.015094212
0.022601023,-1.36875,-0.7572421,-0.74262327,0.015094212
0.022844207,-1.36875,-0.7572421,-0.74262327,0.015094212
0.023264073,-1.36875,-0.7572421,-0.74262327,0.015094212
0.023884255,-1.36875,-0.7572421,-0.74262327,0.015094212
0.024741713,-1.36875,-0.7572421,-0.74262327,0.015094212
0.025891418,-1.36875,-0.7572421,-0.74262327,0.015094212
0.027413633,-1.36875,-0.7572421,-0.74262327,0.015094212
0.029425133,-1.36875,-0.7572421,-0.74262327,0.015094212
0.03209622,-1.36875,-0.7572421,-0.74262327,0.015094212
0.03567596,-1.36875,-0.7572421,-0.74262327,0.015094212
0.04052782,-1.36875,-0.7572421,-0.74262327,0.015094212
0.047172774,-1.36875,-0.7572421,-0.74262327,0.015094212
0.0563177,-1.36875,-0.7572421,-0.74262327,0.015094212
0.06878189,-1.36875,-0.7572421,-0.74262327,0.015094212
0.08507144,-1.36875,-0.7572421,-0.74262327,0.015094212
0.10412664,-1.36875,-0.7572421,-0.74262327,0.015094212
0.12128156,-1.36875,-0.7572421,-0.74262327,0.015094212
0.12851812,-1.36875,-0.7572421,-0.74262327,0.015094212
0.5916516,-1.1011293,-0.6336407,-0.593805,0.01629747
0.5610532,-1.1011293,-0.6336407,-0.593805,0.01629747
0.4853673,-1.1011293,-0.6336407,-0.593805,0.01629747
0.3957367,-1.1011293,-0.6336407,-0.593805,0.01629747
0.31411836,-1.1011293,-0.6336407,-0.593805,0.01629747
0.24842714,-1.1011293,-0.6336407,-0.593805,0.01629747
0.19849174,-1.1011293,-0.6336407,-0.593805,0.01629747
0.1614078,-1.1011294,-0.63364077,-0.593805,0.016297467
0.13403727,-1.1011294,-0.63364077,-0.593805,0.016297467
0.11379559,-1.1011293,-0.6336407,-0.593805,0.01629747
0.098749384,-1.1011293,-0.6336407,-0.593805,0.01629747
0.08750887,-1.1011293,-0.6336407,-0.593805,0.01629747
0.079091564,-1.1011293,-0.6336407,-0.593805,0.01629747
0.07280749,-1.1011293,-0.6336407,-0.593805,0.01629747
0.06817441,-1.1011293,-0.6336407,-0.593805,0.01629747
0.06485805,-1.1011293,-0.6336407,-0.593805,0.01629747
0.062631875,-1.1011293,-0.6336407,-0.593805,0.01629747
0.06135019,-1.1011293,-0.6336407,-0.593805,0.01629747
0.060931664,-1.1011293,-0.6336407,-0.593805,0.01629747
0.06135019,-1.1011293,-0.6336407,-0.593805,0.01629747
0.062631875,-1.1011293,-0.6336407,-0.593805,0.01629747
0.06485805,-1.1011293,-0.6336407,-0.593805,0.01629747
0.06817441,-1.1011293,-0.6336407,-0.593805,0.01629747
0.07280749,-1.1011293,-0.6336407,-0.593805,0.01629747
0.079091564,-1.1011293,-0.6336407,-0.593805,0.01629747
0.08750887,-1.1011293,-0.6336407,-0.593805,0.01629747
0.098749384,-1.1011293,-0.6336407,-0.593805,0.01629747
0.11379559,-1.1011293,-0.6336407,-0.593805,0.01629747
0.13403723,-1.1011293,-0.6336407,-0.593805,0.01629747
0.16140774,-1.1011293,-0.6336407,-0.593805,0.01629747
0.19849165,-1.1011293,-0.6336407,-0.593805,0.01629747
0.24842714,-1.1011293,-0.6336407,-0.593805,0.01629747
0.31411836,-1.1011293,-0.6336407,-0.593805,0.01629747
0.3957367,-1.1011293,-0.6336407,-0.593805,0.01629747
0.4853673,-1.1011293,-0.6336407,-0.593805,0.01629747
0.5610533,-1.1011293,-0.6336407,-0.593805,0.01629747
0.5916516,-1.1011293,-0.6336407,-0.593805,0.01629747
0.08429236,-1.4179943,-0.77744216,-0.77730256,0.04955176
0.08350029,-1.4179943,-0.77744216,-0.77730256,0.04955176
0.08132886,-1.4179943,-0.77744216,-0.77730256,0.049551763
0.07827382,-1.4179943,-0.77744216,-0.77730256,0.049551763
0.07487849,-1.4179943,-0.77744216,-0.77730256,0.04955176
0.07155591,-1.4179943,-0.77744216,-0.77730256,0.04955176
0.06854178,-1.4179943,-0.77744216,-0.77730256,0.04955176
0.06593032,-1.4179943,-0.77744216,-0.77730256,0.04955176
0.06372993,-1.4179943,-0.77744216,-0.77730256,0.04955176
0.061907332,-1.4179943,-0.77744216,-0.77730256,0.04955176
0.060414705,-1.4179943,-0.77744216,-0.77730256,0.04955176
0.059203573,-1.4179943,-0.77744216,-0.77730256,0.04955176
0.05823089,-1.4179943,-0.77744216,-0.77730256,0.04955176
0.057460938,-1.4179943,-0.77744216,-0.77730256,0.04955176
0.056865413,-1.4179943,-0.77744216,-0.77730256,0.04955176
0.056422707,-1.4179943,-0.77744216,-0.77730256,0.04955176
0.05611705,-1.4179943,-0.77744216,-0.77730256,0.04955176
0.055937763,-1.4179943,-0.77744216,-0.77730256,0.04955176
0.055878676,-1.4179943,-0.77744216,-0.77730256,0.04955176
0.055937763,-1.4179943,-0.77744216,-0.77730256,0.04955176
0.05611705,-1.4179943,-0.77744216,-0.77730256,0.04955176
0.0564227,-1.4179943,-0.77744216,-0.77730256,0.04955176
0.056865413,-1.4179943,-0.77744216,-0.77730256,0.04955176
0.057460938,-1.4179943,-0.77744216,-0.77730256,0.04955176
0.05823089,-1.4179943,-0.77744216,-0.77730256,0.04955176
0.059203573,-1.4179943,-0.77744216,-0.77730256,0.04955176
0.06041471,-1.4179943,-0.77744216,-0.77730256,0.04955176
0.061907332,-1.4179943,-0.77744216,-0.77730256,0.04955176
0.06372993,-1.4179943,-0.77744216,-0.77730256,0.04955176
0.06593032,-1.4179943,-0.77744216,-0.77730256,0.04955176
0.06854178,-1.4179943,-0.77744216,-0.77730256,0.04955176
0.07155591,-1.4179943,-0.77744216,-0.77730256,0.04955176
0.07487849,-1.4179943,-0.77744216,-0.77730256,0.04955176
0.07827379,-1.4179943,-0.77744216,-0.77730256,0.04955176
0.08132886,-1.4179943,-0.77744216,-0.77730256,0.049551763
0.08350025,-1.4179943,-0.77744216,-0.77730256,0.049551763
0.08429236,-1.4179943,-0.77744216,-0.77730256,0.04955176
0.20983453,-1.2575718,-0.7012567,-0.6707138,0.0004528712
0.19955078,-1.2575718,-0.7012567,-0.6707138,0.0004528712
0.17382894,-1.2575718,-0.7012567,-0.6707138,0.0004528712
0.142803,-1.2575718,-0.7012567,-0.6707138,0.0004528712
0.11395192,-1.2575718,-0.7012567,-0.6707138,0.0004528712
0.09024006,-1.2575718,-0.7012567,-0.6707138,0.0004528712
0.07185304,-1.2575718,-0.7012567,-0.6707138,0.0004528712
0.05793815,-1.2575718,-0.7012567,-0.6707138,0.0004528712
0.047482725,-1.2575718,-0.7012567,-0.6707138,0.0004528712
0.039618056,-1.2575718,-0.7012567,-0.6707138,0.0004528712
0.03367741,-1.2575718,-0.7012567,-0.6707138,0.0004528712
0.029172217,-1.2575718,-0.7012567,-0.6707138,0.0004528712
0.025751626,-1.2575718,-0.7012567,-0.6707138,0.0004528712
0.023166006,-1.2575718,-0.7012567,-0.6707138,0.0004528712
0.021238985,-1.2575718,-0.7012567,-0.6707138,0.0004528712
0.01984718,-1.2575718,-0.7012567,-0.6707138,0.0004528712
0.018906394,-1.2575718,-0.7012567,-0.6707138,0.0004528712
0.018362183,-1.2575718,-0.7012567,-0.6707138,0.0004528712
0.018184057,-1.2575718,-0.7012567,-0.6707138,0.0004528712
0.018362183,-1.2575718,-0.7012567,-0.6707138,0.0004528712
0.018906394,-1.2575718,-0.7012567,-0.6707138,0.0004528712
0.01984718,-1.2575718,-0.7012567,-0.6707138,0.0004528712
0.021238973,-1.2575718,-0.7012567,-0.6707138,0.0004528712
0.023166006,-1.2575718,-0.7012567,-0.6707138,0.0004528712
0.025751626,-1.2575718,-0.7012567,-0.6707138,0.0004528712
0.029172217,-1.2575718,-0.7012567,-0.6707138,0.0004528712
0.03367741,-1.2575718,-0.7012567,-0.6707138,0.0004528712
0.03961805,-1.2575718,-0.7012567,-0.6707138,0.0004528712
0.047482725,-1.2575718,-0.7012567,-0.6707138,0.0004528712
0.057938155,-1.2575718,-0.7012567,-0.67071384,0.00045287306
0.071852975,-1.2575718,-0.7012567,-0.67071384,0.00045287306
0.09024006,-1.2575718,-0.7012567,-0.6707138,0.0004528712
0.11395181,-1.2575718,-0.7012567,-0.6707138,0.0004528712
0.14280298,-1.2575718,-0.7012567,-0.6707138,0.0004528712
0.17382875,-1.2575718,-0.7012567,-0.6707138,0.0004528712
0.1995508,-1.2575718,-0.7012567,-0.6707138,0.0004528712
0.20983453,-1.2575718,-0.7012567,-0.6707138,0.0004528712
1.1611086,-1.2632204,-0.72098833,-0.6617535,0.003376142
1.0049329,-1.2632204,-0.72098833,-0.6617535,0.003376142
0.71609175,-1.2632204,-0.72098833,-0.6617535,0.003376142
0.48443028,-1.2632204,-0.72098833,-0.6617535,0.003376142
0.33395025,-1.2632204,-0.72098833,-0.6617535,0.003376142
0.23938818,-1.2632204,-0.72098833,-0.6617535,0.003376142
0.17873771,-1.2632204,-0.72098833,-0.6617535,0.003376142
0.13853583,-1.2632204,-0.72098833,-0.6617535,0.003376142
0.11101226,-1.2632204,-0.72098833,-0.6617535,0.003376142
0.09163523,-1.2632204,-0.72098833,-0.6617535,0.003376142
0.07768416,-1.2632204,-0.72098833,-0.6617535,0.003376142
0.06747205,-1.2632204,-0.72098833,-0.6617535,0.003376142
0.059922114,-1.2632204,-0.72098833,-0.6617535,0.003376142
0.054329433,-1.2632204,-0.72098833,-0.6617535,0.003376142
0.05022514,-1.2632204,-0.72098833,-0.6617535,0.003376142
0.047294986,-1.2632204,-0.72098833,-0.6617535,0.003376142
0.045330785,-1.2632204,-0.72098833,-0.6617535,0.003376142
0.04420075,-1.2632204,-0.72098833,-0.6617535,0.003376142
0.043831848,-1.2632204,-0.72098833,-0.6617535,0.003376142
0.04420075,-1.2632204,-0.72098833,-0.6617535,0.003376142
0.045330785,-1.2632204,-0.72098833,-0.6617535,0.003376142
0.047294986,-1.2632204,-0.72098833,-0.6617535,0.003376142
0.05022514,-1.2632204,-0.72098833,-0.6617535,0.003376142
0.054329433,-1.2632204,-0.72098833,-0.6617535,0.003376142
0.059922118,-1.2632204,-0.72098833,-0.6617535,0.0033761456
0.067472056,-1.2632204,-0.72098833,-0.6617535,0.0033761456
0.077684075,-1.2632204,-0.72098833,-0.6617535,0.003376142
0.09163523,-1.2632204,-0.72098833,-0.6617535,0.003376142
0.111012265,-1.2632204,-0.72098833,-0.6617535,0.003376142
0.13853571,-1.2632204,-0.72098833,-0.6617535,0.003376142
0.17873755,-1.2632204,-0.72098833,-0.6617535,0.003376142
0.23938818,-1.2632204,-0.72098833,-0.6617535,0.003376142
0.33395025,-1.2632204,-0.72098833,-0.6617535,0.003376142
0.4844289,-1.2632204,-0.72098833,-0.6617535,0.003376142
0.71609175,-1.2632204,-0.72098833,-0.6617535,0.003376142
1.0049329,-1.2632204,-0.72098833,-0.6617535,0.003376142
1.1611086,-1.2632204,-0.72098833,-0.6617535,0.003376142
0.52766305,-1.4702412,-0.82676184,-0.7578235,0.0047997655
0.46004653,-1.4702412,-0.82676184,-0.7578235,0.0047997655
0.33314145,-1.4702412,-0.82676184,-0.7578235,0.0047997655
0.22956227,-1.4702412,-0.82676184,-0.7578235,0.0047997655
0.16134982,-1.4702412,-0.82676184,-0.7578235,0.0047997655
0.11804824,-1.4702412,-0.82676184,-0.7578235,0.0047997655
0.09004763,-1.4702412,-0.82676184,-0.7578235,0.0047997655
0.07135023,-1.4702412,-0.82676184,-0.7578235,0.0047997655
0.058456663,-1.4702412,-0.82676184,-0.7578235,0.0047997655
0.04931362,-1.4702412,-0.82676184,-0.7578235,0.0047997655
0.04268304,-1.4702412,-0.82676184,-0.7578235,0.0047997655
0.037795015,-1.4702412,-0.82676184,-0.7578235,0.0047997655
0.034156706,-1.4702412,-0.82676184,-0.7578235,0.0047997655
0.031444766,-1.4702412,-0.82676184,-0.7578235,0.0047997655
0.029443555,-1.4702412,-0.82676184,-0.7578235,0.0047997655
0.028008264,-1.4702412,-0.82676184,-0.7578235,0.0047997655
0.02704268,-1.4702412,-0.82676184,-0.7578235,0.0047997655
0.026485786,-1.4702412,-0.82676184,-0.7578235,0.0047997655
0.026303768,-1.4702412,-0.82676184,-0.7578235,0.0047997655
0.026485793,-1.4702411,-0.82676184,-0.7578235,0.004799773
0.027042687,-1.4702411,-0.82676184,-0.7578235,0.004799773
0.028008264,-1.4702412,-0.82676184,-0.7578235,0.0047997655
0.029443558,-1.4702412,-0.82676184,-0.7578235,0.0047997655
0.031444766,-1.4702412,-0.82676184,-0.7578235,0.0047997655
0.034156706,-1.4702412,-0.82676184,-0.7578235,0.0047997655
0.037795015,-1.4702412,-0.82676184,-0.7578235,0.0047997655
0.04268301,-1.4702412,-0.82676184,-0.7578235,0.0047997655
0.049313623,-1.4702412,-0.82676184,-0.7578235,0.0047997655
0.058456663,-1.4702412,-0.82676184,-0.7578235,0.0047997655
0.07135024,-1.4702412,-0.82676184,-0.7578235,0.0047997655
0.090047635,-1.4702412,-0.82676184,-0.7578235,0.0047997655
0.11804824,-1.4702412,-0.82676184,-0.7578235,0.0047997655
0.16134946,-1.4702412,-0.82676184,-0.7578235,0.0047997655
0.22956227,-1.4702412,-0.82676184,-0.7578235,0.0047997655
0.33314142,-1.4702412,-0.82676184,-0.7578235,0.0047997655
0.46004364,-1.4702412,-0.82676184,-0.7578235,0.0047997655
0.52766305,-1.4702412,-0.82676184,-0.7578235,0.0047997655
0.07479131,-1.4296063,-0.7829975,-0.783906,0.056157377
0.07461211,-1.4296063,-0.7829975,-0.783906,0.056157377
0.07409667,-1.4296063,-0.7829975,-0.783906,0.056157377
0.0733053,-1.4296063,-0.7829975,-0.783906,0.056157377
0.07232036,-1.4296063,-0.7829975,-0.783906,0.056157377
0.07122801,-1.4296063,-0.7829975,-0.783906,0.056157377
0.070104316,-1.4296063,-0.7829975,-0.783906,0.056157377
0.06900803,-1.4296063,-0.7829975,-0.783906,0.056157377
0.0679795,-1.4296063,-0.7829975,-0.783906,0.056157377
0.06704316,-1.4296063,-0.7829975,-0.783906,0.056157377
0.06621151,-1.4296063,-0.7829975,-0.783906,0.056157377
0.06548883,-1.4296063,-0.7829975,-0.783906,0.056157377
0.064874485,-1.4296063,-0.7829975,-0.783906,0.056157377
0.06436515,-1.4296063,-0.7829975,-0.783906,0.056157377
0.063956454,-1.4296063,-0.78299755,-0.7839059,0.056157384
0.06364392,-1.4296063,-0.78299755,-0.7839059,0.056157384
0.063423656,-1.4296063,-0.7829975,-0.783906,0.056157377
0.063292734,-1.4296063,-0.7829975,-0.783906,0.056157377
0.063249305,-1.4296063,-0.7829975,-0.783906,0.056157377
0.063292734,-1.4296063,-0.7829975,-0.783906,0.056157377
0.063423656,-1.4296063,-0.7829975,-0.783906,0.056157377
0.0636439,-1.4296063,-0.7829975,-0.783906,0.056157377
0.06395644,-1.4296063,-0.7829975,-0.783906,0.056157377
0.06436515,-1.4296063,-0.7829975,-0.783906,0.056157377
0.064874485,-1.4296063,-0.7829975,-0.783906,0.056157377
0.06548883,-1.4296063,-0.7829975,-0.783906,0.056157377
0.06621151,-1.4296063,-0.7829975,-0.783906,0.056157377
0.06704316,-1.4296063,-0.7829975,-0.783906,0.056157377
0.0679795,-1.4296063,-0.7829975,-0.783906,0.056157377
0.06900803,-1.4296063,-0.7829975,-0.783906,0.056157377
0.070104316,-1.4296063,-0.7829975,-0.783906,0.056157377
0.07122801,-1.4296063,-0.7829975,-0.783906,0.056157377
0.07232036,-1.4296063,-0.7829975,-0.783906,0.056157377
0.07330531,-1.4296063,-0.7829975,-0.783906,0.056157377
0.07409668,-1.4296063,-0.7829975,-0.783906,0.056157377
0.074612096,-1.4296063,-0.7829975,-0.783906,0.056157377
0.07479131,-1.4296063,-0.7829975,-0.783906,0.056157377
0.009327571,-1.749715,-0.9960357,-0.8715888,-0.0016160302
0.009039651,-1.749715,-0.9960357,-0.8715888,-0.0016160302
0.008275019,-1.749715,-0.9960357,-0.8715888,-0.0016160302
0.0072551696,-1.749715,-0.9960357,-0.8715888,-0.0016160302
0.006188914,-1.749715,-0.9960357,-0.8715888,-0.0016160302
0.0052036624,-1.749715,-0.9960357,-0.8715888,-0.0016160302
0.004351259,-1.749715,-0.9960357,-0.8715888,-0.0016160302
0.0036386817,-1.749715,-0.9960357,-0.8715888,-0.0016160302
0.0030531303,-1.749715,-0.9960357,-0.8715888,-0.0016160302
0.0025760422,-1.7497149,-0.99603575,-0.8715889,-0.001616019
0.002189233,-1.7497149,-0.99603575,-0.8715889,-0.001616019
0.0018771284,-1.749715,-0.9960357,-0.8715888,-0.0016160302
0.0016271695,-1.749715,-0.9960357,-0.8715888,-0.0016160302
0.0014295089,-1.749715,-0.9960357,-0.8715888,-0.0016160302
0.0012766323,-1.749715,-0.9960357,-0.8715888,-0.0016160302
0.0011629399,-1.749715,-0.9960357,-0.8715888,-0.0016160302
0.0010844031,-1.749715,-0.9960357,-0.8715888,-0.0016160302
0.0010383166,-1.749715,-0.9960357,-0.8715888,-0.0016160302
0.0010231237,-1.749715,-0.9960357,-0.8715888,-0.0016160302
0.0010383166,-1.749715,-0.9960357,-0.8715888,-0.0016160302
0.0010844031,-1.749715,-0.9960357,-0.8715888,-0.0016160302
0.0011629392,-1.749715,-0.9960357,-0.8715888,-0.0016160302
0.0012766323,-1.749715,-0.9960357,-0.8715888,-0.0016160302
0.0014295089,-1.749715,-0.9960357,-0.8715888,-0.0016160302
0.0016271695,-1.749715,-0.9960357,-0.8715888,-0.0016160302
0.0018771284,-1.749715,-0.9960357,-0.8715888,-0.0016160302
0.002189222,-1.749715,-0.9960357,-0.8715888,-0.0016160302
0.0025760315,-1.749715,-0.9960357,-0.8715888,-0.0016160302
0.0030531308,-1.749715,-0.9960357,-0.8715888,-0.0016160302
0.0036386827,-1.749715,-0.9960357,-0.8715888,-0.0016160302
0.004351259,-1.749715,-0.9960357,-0.8715888,-0.0016160302
0.0052036596,-1.749715,-0.9960357,-0.8715888,-0.0016160302
0.0061889114,-1.749715,-0.9960357,-0.8715888,-0.0016160302
0.0072551705,-1.749715,-0.9960357,-0.8715888,-0.0016160302
0.008275014,-1.749715,-0.9960357,-0.8715888,-0.0016160302
0.009039651,-1.749715,-0.9960357,-0.8715888,-0.0016160302
0.009327571,-1.749715,-0.9960357,-0.8715888,-0.0016160302
0.016028643,-1.659811,-0.9325634,-0.8498325,0.013512568
0.016030561,-1.659811,-0.9325634,-0.8498325,0.013512568
0.016033491,-1.659811,-0.9325634,-0.8498325,0.013512568
0.016030617,-1.659811,-0.9325634,-0.8498325,0.013512568
0.016014801,-1.6598111,-0.9325635,-0.8498325,0.013512573
0.015981697,-1.6598111,-0.9325635,-0.8498325,0.013512573
0.015930861,-1.659811,-0.9325634,-0.8498325,0.013512568
0.015865091,-1.659811,-0.9325634,-0.8498325,0.013512568
0.015788976,-1.659811,-0.9325634,-0.8498325,0.013512568
0.015707597,-1.659811,-0.9325634,-0.8498325,0.013512568
0.015625654,-1.659811,-0.9325634,-0.8498325,0.013512568
0.01554705,-1.659811,-0.9325634,-0.8498325,0.013512568
0.015474793,-1.659811,-0.9325634,-0.8498325,0.013512568
0.015411084,-1.659811,-0.9325634,-0.8498325,0.013512568
0.015357454,-1.659811,-0.9325634,-0.8498325,0.013512568
0.015314932,-1.659811,-0.9325634,-0.8498325,0.013512568
0.015284176,-1.659811,-0.9325634,-0.8498325,0.013512568
0.015265583,-1.659811,-0.9325634,-0.8498325,0.013512568
0.015259365,-1.659811,-0.9325634,-0.8498325,0.013512568
0.015265583,-1.659811,-0.9325634,-0.8498325,0.013512568
0.015284176,-1.659811,-0.9325634,-0.8498325,0.013512568
0.015314932,-1.659811,-0.9325634,-0.8498325,0.013512568
0.015357454,-1.659811,-0.9325634,-0.8498325,0.013512568
0.015411084,-1.659811,-0.9325634,-0.8498325,0.013512568
0.015474793,-1.659811,-0.9325634,-0.8498325,0.013512568
0.015547049,-1.659811,-0.9325634,-0.8498325,0.013512568
0.015625654,-1.659811,-0.9325634,-0.8498325,0.013512568
0.015707597,-1.659811,-0.9325634,-0.8498325,0.013512568
0.015788976,-1.659811,-0.9325634,-0.8498325,0.013512568
0.01586509,-1.659811,-0.9325634,-0.8498325,0.013512568
0.015930861,-1.659811,-0.9325634,-0.8498325,0.013512568
0.01598169,-1.659811,-0.9325634,-0.8498325,0.013512568
0.016014796,-1.659811,-0.9325634,-0.8498325,0.013512568
0.016030619,-1.659811,-0.9325634,-0.8498325,0.013512568
0.016033493,-1.659811,-0.9325634,-0.8498325,0.013512568
0.016030561,-1.659811,-0.9325634,-0.8498325,0.013512568
0.016028648,-1.6598111,-0.9325635,-0.8498325,0.013512573
0.10823992,-1.143806,-0.6445793,-0.61796814,-0.0034074916
0.099833265,-1.143806,-0.6445793,-0.61796814,-0.0034075046
0.0804712,-1.143806,-0.6445793,-0.61796814,-0.0034075046
0.059961174,-1.143806,-0.6445793,-0.61796814,-0.0034075046
0.043354448,-1.143806,-0.6445793,-0.61796814,-0.0034075046
0.03130592,-1.143806,-0.6445793,-0.61796814,-0.0034075046
0.0228793,-1.143806,-0.6445793,-0.61796814,-0.0034075046
0.01700013,-1.143806,-0.6445793,-0.61796814,-0.0034075046
0.012846446,-1.143806,-0.6445793,-0.61796814,-0.0034075046
0.009859227,-1.143806,-0.6445793,-0.61796814,-0.0034075046
0.00767243,-1.143806,-0.6445793,-0.61796814,-0.0034075046
0.0060479445,-1.143806,-0.6445793,-0.61796814,-0.0034075046
0.004829958,-1.143806,-0.6445793,-0.61796814,-0.0034075046
0.00391547,-1.143806,-0.6445793,-0.61796814,-0.0034075046
0.0032358158,-1.143806,-0.6445793,-0.61796814,-0.0034075046
0.0027451369,-1.143806,-0.6445793,-0.61796814,-0.0034075046
0.0024132186,-1.143806,-0.6445793,-0.61796814,-0.0034075046
0.0022210272,-1.143806,-0.6445793,-0.61796814,-0.0034075046
0.002158079,-1.143806,-0.6445793,-0.61796814,-0.0034075046
0.0022210272,-1.143806,-0.6445793,-0.61796814,-0.0034075046
0.0024132186,-1.143806,-0.6445793,-0.61796814,-0.0034075046
0.0027451373,-1.143806,-0.6445793,-0.61796814,-0.0034075046
0.003235814,-1.143806,-0.6445793,-0.61796814,-0.0034075046
0.00391547,-1.143806,-0.6445793,-0.61796814,-0.0034075046
0.004829958,-1.143806,-0.6445793,-0.61796814,-0.0034075046
0.0060479455,-1.143806,-0.6445793,-0.61796814,-0.0034075046
0.0076724263,-1.143806,-0.6445793,-0.61796814,-0.0034075046
0.009859227,-1.143806,-0.6445793,-0.61796814,-0.0034075046
0.012846446,-1.143806,-0.6445793,-0.61796814,-0.0034075046
0.017000131,-1.143806,-0.6445793,-0.61796814,-0.0034075046
0.022879295,-1.143806,-0.6445793,-0.61796814,-0.0034075046
0.031305924,-1.143806,-0.6445793,-0.61796814,-0.0034074916
0.043354437,-1.143806,-0.6445793,-0.61796814,-0.0034074916
0.05996116,-1.143806,-0.6445793,-0.61796814,-0.0034075046
0.08047115,-1.143806,-0.6445793,-0.61796814,-0.0034075046
0.09983325,-1.143806,-0.6445793,-0.61796814,-0.0034075046
0.108239904,-1.143806,-0.6445793,-0.61796814,-0.0034075046
0.013595191,-1.4644028,-0.821314,-0.7594153,0.0062613143
0.013507381,-1.4644028,-0.821314,-0.7594153,0.0062613143
0.01325917,-1.4644028,-0.821314,-0.7594153,0.0062613143
0.0128894895,-1.4644028,-0.821314,-0.7594153,0.0062613143
0.012446289,-1.4644028,-0.821314,-0.7594153,0.0062613143
0.011973435,-1.4644028,-0.821314,-0.7594153,0.0062613143
0.011504215,-1.4644028,-0.821314,-0.7594153,0.0062613143
0.011060506,-1.4644028,-0.821314,-0.7594153,0.0062613143
0.010654831,-1.4644028,-0.821314,-0.7594153,0.0062613143
0.010293068,-1.4644028,-0.821314,-0.7594153,0.0062613143
0.009976872,-1.4644028,-0.821314,-0.7594153,0.0062613143
0.009705456,-1.4644028,-0.821314,-0.7594153,0.0062613143
0.009476822,-1.4644028,-0.821314,-0.7594153,0.0062613143
0.009288523,-1.4644028,-0.821314,-0.7594153,0.0062613143
0.009138132,-1.4644028,-0.821314,-0.7594153,0.0062613143
0.009023501,-1.4644028,-0.821314,-0.7594153,0.0062613143
0.008942887,-1.4644028,-0.821314,-0.7594153,0.0062613143
0.008895029,-1.4644028,-0.821314,-0.7594153,0.0062613143
0.008879161,-1.4644028,-0.821314,-0.7594153,0.0062613143
0.008895029,-1.4644028,-0.821314,-0.7594153,0.0062613143
0.008942887,-1.4644028,-0.821314,-0.7594153,0.0062613143
0.009023501,-1.4644028,-0.821314,-0.7594153,0.0062613143
0.009138133,-1.4644028,-0.821314,-0.7594153,0.0062613143
0.009288523,-1.4644028,-0.821314,-0.7594153,0.0062613143
0.009476822,-1.4644028,-0.821314,-0.7594153,0.0062613143
0.009705456,-1.4644028,-0.821314,-0.7594153,0.0062613143
0.009976859,-1.4644028,-0.821314,-0.7594153,0.006261301
0.010293056,-1.4644028,-0.821314,-0.7594153,0.006261301
0.010654831,-1.4644028,-0.821314,-0.7594153,0.0062613143
0.011060507,-1.4644028,-0.821314,-0.7594153,0.0062613143
0.011504213,-1.4644028,-0.821314,-0.7594153,0.0062613143
0.011973437,-1.4644028,-0.821314,-0.7594153,0.0062613143
0.012446285,-1.4644028,-0.821314,-0.7594153,0.0062613143
0.0128894895,-1.4644028,-0.821314,-0.7594153,0.0062613143
0.013259169,-1.4644028,-0.821314,-0.7594153,0.0062613143
0.013507382,-1.4644028,-0.821314,-0.7594153,0.0062613143
0.013595191,-1.4644028,-0.821314,-0.7594153,0.0062613143
0.8077406,-1.1111985,-0.63969225,-0.5889012,0.021373019
0.6540455,-1.1111985,-0.63969225,-0.5889012,0.021373019
0.41162282,-1.1111985,-0.63969225,-0.5889012,0.021373019
0.2505403,-1.1111985,-0.63969225,-0.5889012,0.021373019
0.16078484,-1.1111985,-0.63969225,-0.5889012,0.021373019
0.11095847,-1.1111985,-0.63969225,-0.5889012,0.021373019
0.0822134,-1.1111985,-0.63969225,-0.5889012,0.021373019
0.06484985,-1.1111985,-0.63969225,-0.5889012,0.021373019
0.05388901,-1.1111985,-0.63969225,-0.5889012,0.021373019
0.04669285,-1.1111985,-0.63969225,-0.5889012,0.021373019
0.041807957,-1.1111985,-0.63969225,-0.5889012,0.021373019
0.038401898,-1.1111985,-0.63969225,-0.5889012,0.021373019
0.035980616,-1.1111985,-0.63969225,-0.5889012,0.021373019
0.034241725,-1.1111985,-0.63969225,-0.5889012,0.021373019
0.032995567,-1.1111985,-0.63969225,-0.5889012,0.021373019
0.032121435,-1.1111985,-0.63969225,-0.5889012,0.021373019
0.031542666,-1.1111985,-0.63969225,-0.5889012,0.021373019
0.031212274,-1.1111985,-0.63969225,-0.5889012,0.021373019
0.031104831,-1.1111985,-0.63969225,-0.5889012,0.021373019
0.031212274,-1.1111985,-0.63969225,-0.5889012,0.021373019
0.031542666,-1.1111985,-0.63969225,-0.5889012,0.021373019
0.032121412,-1.1111985,-0.63969225,-0.5889012,0.021372998
0.032995544,-1.1111985,-0.63969225,-0.5889012,0.021372998
0.034241725,-1.1111985,-0.63969225,-0.5889012,0.021373019
0.035980616,-1.1111985,-0.63969225,-0.5889012,0.021373019
0.038401894,-1.1111985,-0.63969225,-0.5889012,0.021373019
0.041807953,-1.1111985,-0.63969225,-0.5889012,0.021373019
0.04669285,-1.1111985,-0.63969225,-0.5889012,0.021373019
0.053889,-1.1111985,-0.63969225,-0.5889012,0.021373019
0.064849846,-1.1111985,-0.63969225,-0.5889012,0.021373019
0.082213394,-1.1111985,-0.63969225,-0.5889012,0.021373019
0.110958464,-1.1111985,-0.63969225,-0.5889012,0.021373019
0.16078472,-1.1111985,-0.63969225,-0.5889012,0.021373019
0.25054002,-1.1111985,-0.63969225,-0.5889012,0.021373019
0.4116218,-1.1111985,-0.63969225,-0.5889012,0.021373019
0.6540439,-1.1111985,-0.63969225,-0.5889012,0.021373019
0.8077406,-1.1111985,-0.63969225,-0.5889012,0.021373019
1.043516,-1.4401821,-0.8339105,-0.71057564,0.021958912
0.81453615,-1.4401821,-0.8339105,-0.71057564,0.021958912
0.49436596,-1.4401821,-0.8339105,-0.71057564,0.021958912
0.30272245,-1.4401821,-0.8339105,-0.71057564,0.021958912
0.19997858,-1.4401821,-0.8339105,-0.71057564,0.021958912
0.1424722,-1.4401821,-0.8339105,-0.71057564,0.021958912
0.108173065,-1.4401821,-0.8339105,-0.71057564,0.021958912
0.08652304,-1.4401821,-0.8339105,-0.71057564,0.021958912
0.072214425,-1.4401821,-0.8339105,-0.71057564,0.021958912
0.062408417,-1.4401821,-0.8339105,-0.71057564,0.021958912
0.0554974,-1.4401821,-0.8339105,-0.71057564,0.021958912
0.050525427,-1.4401821,-0.8339105,-0.71057564,0.021958912
0.046901207,-1.4401821,-0.8339105,-0.71057564,0.021958912
0.044247285,-1.4401821,-0.8339105,-0.71057564,0.021958912
0.042317517,-1.4401821,-0.8339105,-0.71057564,0.021958912
0.04094962,-1.4401821,-0.8339105,-0.71057564,0.021958912
0.04003745,-1.4401821,-0.8339106,-0.71057564,0.021958906
0.039514452,-1.4401821,-0.8339106,-0.71057564,0.021958906
0.039344024,-1.4401821,-0.8339105,-0.71057564,0.021958912
0.039514456,-1.4401821,-0.8339105,-0.71057564,0.021958912
0.040037453,-1.4401821,-0.8339105,-0.71057564,0.021958912
0.04094962,-1.4401821,-0.8339105,-0.71057564,0.021958912
0.04231751,-1.4401821,-0.8339105,-0.71057564,0.021958912
0.044247285,-1.4401821,-0.8339105,-0.71057564,0.021958912
0.046901207,-1.4401821,-0.8339105,-0.71057564,0.021958912
0.05052543,-1.4401821,-0.8339105,-0.71057564,0.021958912
0.055497386,-1.4401821,-0.8339105,-0.71057564,0.021958912
0.062408417,-1.4401821,-0.8339105,-0.71057564,0.021958912
0.0722144,-1.4401821,-0.8339105,-0.71057564,0.021958912
0.08652299,-1.4401821,-0.8339105,-0.71057564,0.021958912
0.10817307,-1.4401821,-0.8339105,-0.71057564,0.021958912
0.1424722,-1.4401821,-0.8339105,-0.71057564,0.021958912
0.19997859,-1.4401821,-0.8339105,-0.71057564,0.021958912
0.30272245,-1.4401821,-0.8339105,-0.71057564,0.021958912
0.494366,-1.4401821,-0.8339105,-0.71057564,0.021958912
0.81453615,-1.4401821,-0.8339105,-0.71057564,0.021958912
1.043516,-1.4401821,-0.8339105,-0.71057564,0.021958912
0.05521435,-1.4654219,-0.83719087,-0.7571061,-0.003747634
0.04990926,-1.4654219,-0.83719087,-0.7571061,-0.003747634
0.03848484,-1.4654219,-0.83719087,-0.7571061,-0.003747634
0.027411068,-1.4654219,-0.83719087,-0.7571061,-0.003747634
0.019064812,-1.4654219,-0.83719087,-0.7571061,-0.003747634
0.013273864,-1.4654219,-0.83719087,-0.7571061,-0.003747634
0.009316568,-1.4654219,-0.83719087,-0.7571061,-0.003747634
0.006582902,-1.4654219,-0.83719087,-0.7571061,-0.003747634
0.0046573905,-1.4654219,-0.83719087,-0.7571061,-0.003747634
0.0032728526,-1.4654219,-0.83719087,-0.7571061,-0.003747634
0.002258863,-1.4654219,-0.83719087,-0.7571061,-0.003747634
0.0015056578,-1.4654219,-0.83719087,-0.757106,-0.003747645
0.0009414756,-1.4654219,-0.83719087,-0.757106,-0.003747645
0.00051864586,-1.4654219,-0.83719087,-0.7571061,-0.003747634
0.00020512403,-1.4654219,-0.83719087,-0.7571061,-0.003747634
-2.0652311e-05,-1.4654219,-0.83719087,-0.7571061,-0.003747634
-0.00017302926,-1.4654219,-0.83719087,-0.7571061,-0.003747634
-0.00026110676,-1.4654219,-0.83719087,-0.7571061,-0.003747634
-0.00028992654,-1.4654219,-0.83719087,-0.7571061,-0.003747634
-0.00026110676,-1.4654219,-0.83719087,-0.7571061,-0.003747634
-0.00017302879,-1.4654219,-0.83719087,-0.7571061,-0.003747634
-2.0653242e-05,-1.4654219,-0.83719087,-0.7571061,-0.003747634
0.00020512403,-1.4654219,-0.83719087,-0.7571061,-0.003747634
0.00051864586,-1.4654219,-0.83719087,-0.7571061,-0.003747634
0.0009414868,-1.4654219,-0.83719087,-0.7571061,-0.003747634
0.001505669,-1.4654219,-0.83719087,-0.7571061,-0.003747634
0.0022588612,-1.4654219,-0.83719087,-0.7571061,-0.003747634
0.0032728536,-1.4654219,-0.83719087,-0.7571061,-0.003747634
0.0046573887,-1.4654219,-0.83719087,-0.7571061,-0.003747634
0.006582897,-1.4654219,-0.83719087,-0.7571061,-0.003747634
0.0093165655,-1.4654219,-0.83719087,-0.7571061,-0.003747634
0.013273853,-1.4654219,-0.83719087,-0.7571061,-0.003747634
0.019064803,-1.4654219,-0.83719087,-0.7571061,-0.003747634
0.027411073,-1.4654219,-0.83719087,-0.7571061,-0.003747634
0.03848485,-1.4654219,-0.83719087,-0.7571061,-0.003747634
0.04990922,-1.4654219,-0.83719087,-0.7571061,-0.003747634
0.05521435,-1.4654219,-0.83719087,-0.7571061,-0.003747634
0.18115234,-1.3783784,-0.7912039,-0.7178864,0.0024480845
0.15201692,-1.3783784,-0.7912039,-0.7178864,0.0024480845
0.10214044,-1.3783784,-0.7912039,-0.7178864,0.0024480845
0.06568496,-1.3783784,-0.7912039,-0.7178864,0.0024480845
0.043728158,-1.3783784,-0.7912039,-0.7178864,0.0024480845
0.030730085,-1.3783784,-0.7912039,-0.7178864,0.0024480845
0.022796921,-1.3783783,-0.791204,-0.7178864,0.0024480585
0.01775637,-1.3783783,-0.791204,-0.7178864,0.0024480585
0.014426917,-1.3783784,-0.7912039,-0.7178864,0.0024480845
0.012151255,-1.3783784,-0.7912039,-0.7178864,0.0024480845
0.010551135,-1.3783784,-0.7912039,-0.7178864,0.0024480845
0.0094010625,-1.3783784,-0.7912039,-0.7178864,0.0024480845
0.00856224,-1.3783784,-0.7912039,-0.7178864,0.0024480845
0.007946865,-1.3783784,-0.7912039,-0.7178864,0.0024480845
0.0074982224,-1.3783784,-0.7912039,-0.7178864,0.0024480845
0.00717929,-1.3783784,-0.7912039,-0.7178864,0.0024480845
0.0069660544,-1.3783784,-0.7912039,-0.7178864,0.0024480845
0.0068435473,-1.3783784,-0.7912039,-0.7178864,0.0024480845
0.0068035815,-1.3783784,-0.7912039,-0.7178864,0.0024480845
0.0068435473,-1.3783784,-0.7912039,-0.7178864,0.0024480845
0.0069660535,-1.3783784,-0.7912039,-0.7178864,0.0024480845
0.00717929,-1.3783784,-0.7912039,-0.7178864,0.0024480845
0.0074982215,-1.3783784,-0.7912039,-0.7178864,0.0024480845
0.007946865,-1.3783784,-0.7912039,-0.7178864,0.0024480845
0.00856224,-1.3783784,-0.7912039,-0.7178864,0.0024480845
0.009401063,-1.3783784,-0.7912039,-0.7178864,0.0024480845
0.010551136,-1.3783784,-0.7912039,-0.7178864,0.0024480845
0.012151255,-1.3783784,-0.7912039,-0.7178864,0.0024480845
0.014426912,-1.3783784,-0.7912039,-0.7178864,0.0024480845
0.017756393,-1.3783784,-0.7912039,-0.7178864,0.0024480845
0.022796944,-1.3783784,-0.7912039,-0.7178864,0.0024480845
0.030730078,-1.3783784,-0.7912039,-0.7178864,0.0024480845
0.043728124,-1.3783784,-0.7912039,-0.7178864,0.0024480845
0.06568492,-1.3783784,-0.7912039,-0.7178864,0.0024480845
0.10214046,-1.3783784,-0.7912039,-0.7178864,0.0024480845
0.15201649,-1.3783784,-0.7912039,-0.7178864,0.0024480845
0.18115234,-1.3783784,-0.7912039,-0.7178864,0.0024480845
0.009960732,-1.5917662,-0.89969826,-0.8128204,0.0004333097
0.009745609,-1.5917662,-0.8996983,-0.81282043,0.00043331715
0.009167057,-1.5917662,-0.8996983,-0.81282043,0.00043331715
0.0083776275,-1.5917662,-0.89969826,-0.8128204,0.0004333097
0.007527765,-1.5917662,-0.89969826,-0.8128204,0.0004333097
0.006716853,-1.5917662,-0.89969826,-0.8128204,0.0004333097
0.005992473,-1.5917662,-0.89969826,-0.8128204,0.0004333097
0.005368539,-1.5917662,-0.89969826,-0.8128204,0.0004333097
0.0048419638,-1.5917662,-0.89969826,-0.8128204,0.0004333097
0.004402904,-1.5917662,-0.89969826,-0.8128204,0.0004333097
0.0040399297,-1.5917662,-0.89969826,-0.8128204,0.0004333097
0.0037422848,-1.5917662,-0.89969826,-0.8128204,0.0004333097
0.0035007105,-1.5917662,-0.89969826,-0.8128204,0.0004333097
0.0033076184,-1.5917662,-0.89969826,-0.8128204,0.0004333097
0.003156999,-1.5917662,-0.89969826,-0.8128204,0.0004333097
0.0030442488,-1.5917662,-0.89969826,-0.8128204,0.0004333097
0.0029659925,-1.5917662,-0.89969826,-0.8128204,0.0004333097
0.0029199275,-1.5917662,-0.89969826,-0.8128204,0.0004333097
0.0029047173,-1.5917662,-0.89969826,-0.8128204,0.0004333097
0.0029199275,-1.5917662,-0.89969826,-0.8128204,0.0004333097
0.0029659916,-1.5917662,-0.89969826,-0.8128204,0.0004333097
0.0030442488,-1.5917662,-0.89969826,-0.8128204,0.0004333097
0.0031569994,-1.5917662,-0.89969826,-0.8128204,0.0004333097
0.0033076184,-1.5917662,-0.89969826,-0.8128204,0.0004333097
0.0035007105,-1.5917662,-0.89969826,-0.8128204,0.0004333097
0.0037422848,-1.5917662,-0.89969826,-0.8128204,0.0004333097
0.004039929,-1.5917662,-0.89969826,-0.8128204,0.0004333097
0.004402904,-1.5917662,-0.89969826,-0.8128204,0.0004333097
0.004841962,-1.5917662,-0.89969826,-0.8128204,0.0004333097
0.0053685373,-1.5917662,-0.89969826,-0.8128204,0.0004333097
0.005992472,-1.5917662,-0.89969826,-0.8128204,0.0004333097
0.006716853,-1.5917662,-0.89969826,-0.8128204,0.0004333097
0.007527764,-1.5917662,-0.89969826,-0.8128204,0.0004333097
0.008377633,-1.5917662,-0.8996983,-0.81282043,0.00043331715
0.009167054,-1.5917662,-0.8996983,-0.81282043,0.00043331715
0.009745603,-1.5917662,-0.89969826,-0.8128204,0.0004333097
0.009960732,-1.5917662,-0.89969826,-0.8128204,0.0004333097
0.05540584,-1.2669324,-0.71694416,-0.66821533,-0.00037105312
0.052252226,-1.2669324,-0.71694416,-0.66821533,-0.00037105312
0.0445796,-1.2669324,-0.71694416,-0.66821533,-0.00037105312
0.035726547,-1.2669324,-0.71694416,-0.66821533,-0.00037105312
0.02788026,-1.2669324,-0.71694416,-0.66821533,-0.00037105312
0.02170569,-1.2669324,-0.71694416,-0.66821533,-0.00037105312
0.01708373,-1.2669324,-0.71694416,-0.66821533,-0.00037105312
0.013677197,-1.2669324,-0.71694416,-0.66821533,-0.00037105312
0.011163524,-1.2669324,-0.71694416,-0.66821533,-0.00037105312
0.009293285,-1.2669324,-0.71694416,-0.66821533,-0.00037105312
0.007887796,-1.2669324,-0.71694416,-0.66821533,-0.00037105312
0.006822654,-1.2669324,-0.71694416,-0.66821533,-0.00037105312
0.0060120085,-1.2669324,-0.71694416,-0.66821533,-0.00037105312
0.005396626,-1.2669324,-0.71694416,-0.66821533,-0.00037105312
0.00493564,-1.2669324,-0.71694416,-0.66821533,-0.00037105312
0.004600996,-1.2669324,-0.71694416,-0.66821533,-0.00037105312
0.0043737963,-1.2669324,-0.71694416,-0.66821533,-0.00037105312
0.00424195,-1.2669324,-0.71694416,-0.66821533,-0.00037105312
0.0041987216,-1.2669324,-0.71694416,-0.66821533,-0.00037105312
0.00424195,-1.2669324,-0.71694416,-0.66821533,-0.00037105312
0.0043737963,-1.2669324,-0.71694416,-0.66821533,-0.00037105312
0.004600996,-1.2669324,-0.71694416,-0.66821533,-0.00037105312
0.004935639,-1.2669324,-0.71694416,-0.66821533,-0.00037105312
0.005396626,-1.2669324,-0.71694416,-0.66821533,-0.00037105312
0.0060120085,-1.2669324,-0.71694416,-0.66821533,-0.00037105312
0.006822653,-1.2669324,-0.71694416,-0.66821533,-0.00037105312
0.007887795,-1.2669324,-0.71694416,-0.66821533,-0.00037105312
0.009293286,-1.2669324,-0.71694416,-0.66821533,-0.00037105312
0.011163525,-1.2669324,-0.71694416,-0.66821533,-0.00037105125
0.0136771975,-1.2669324,-0.71694416,-0.66821533,-0.00037105125
0.017083727,-1.2669324,-0.71694416,-0.66821533,-0.00037105312
0.021705689,-1.2669324,-0.71694416,-0.66821533,-0.00037105312
0.027880229,-1.2669324,-0.71694416,-0.66821533,-0.00037105312
0.035726525,-1.2669324,-0.71694416,-0.66821533,-0.00037105312
0.044579573,-1.2669324,-0.71694416,-0.66821533,-0.00037105312
0.052252185,-1.2669324,-0.71694416,-0.66821533,-0.00037105312
0.05540584,-1.2669324,-0.71694416,-0.66821533,-0.00037105312
0.020329934,-1.3890145,-0.7701373,-0.75103766,0.014404508
0.02032641,-1.3890145,-0.7701373,-0.75103766,0.014404508
0.02028294,-1.3890145,-0.7701373,-0.75103766,0.014404508
0.020140216,-1.3890145,-0.7701373,-0.75103766,0.014404508
0.019873112,-1.3890145,-0.7701373,-0.75103766,0.014404508
0.019503642,-1.3890145,-0.7701373,-0.75103766,0.014404508
0.019076757,-1.3890145,-0.7701373,-0.75103766,0.014404508
0.01863591,-1.3890145,-0.7701373,-0.75103766,0.014404508
0.018212324,-1.3890145,-0.7701373,-0.75103766,0.014404508
0.017824342,-1.3890145,-0.7701373,-0.75103766,0.014404508
0.017480679,-1.3890145,-0.7701373,-0.75103766,0.014404508
0.017184008,-1.3890145,-0.7701373,-0.75103766,0.014404508
0.01693372,-1.3890145,-0.7701373,-0.75103766,0.014404508
0.016727706,-1.3890145,-0.7701373,-0.75103766,0.014404508
0.0165634,-1.3890145,-0.7701373,-0.75103766,0.014404508
0.016438361,-1.3890145,-0.7701373,-0.75103766,0.014404508
0.016350552,-1.3890145,-0.7701373,-0.75103766,0.014404508
0.016298473,-1.3890145,-0.7701373,-0.75103766,0.014404508
0.016281214,-1.3890145,-0.7701373,-0.75103766,0.014404508
0.016298473,-1.3890145,-0.7701373,-0.75103766,0.014404508
0.016350552,-1.3890145,-0.7701373,-0.75103766,0.014404508
0.016438361,-1.3890145,-0.7701373,-0.75103766,0.014404508
0.0165634,-1.3890145,-0.7701373,-0.75103766,0.014404508
0.016727708,-1.3890145,-0.7701373,-0.75103766,0.01440451
0.016933722,-1.3890145,-0.7701373,-0.75103766,0.01440451
0.017184008,-1.3890145,-0.7701373,-0.75103766,0.014404508
0.017480679,-1.3890145,-0.7701373,-0.75103766,0.014404508
0.017824342,-1.3890145,-0.7701373,-0.75103766,0.014404508
0.018212322,-1.3890145,-0.7701373,-0.75103766,0.014404508
0.01863591,-1.3890145,-0.7701373,-0.75103766,0.014404508
0.019076757,-1.3890145,-0.7701373,-0.75103766,0.014404508
0.01950364,-1.3890145,-0.7701373,-0.75103766,0.014404508
0.01987311,-1.3890145,-0.7701373,-0.75103766,0.014404508
0.020140216,-1.3890145,-0.7701373,-0.75103766,0.014404508
0.020282941,-1.3890145,-0.7701373,-0.75103766,0.014404508
0.020326406,-1.3890145,-0.7701373,-0.75103766,0.014404508
0.020329934,-1.3890145,-0.7701373,-0.75103766,0.014404508
0.21938935,-1.6674622,-0.96127105,-0.81385106,0.0057054153
0.19318312,-1.6674622,-0.96127105,-0.81385106,0.0057054153
0.14276786,-1.6674622,-0.96127105,-0.81385106,0.0057054153
0.10039685,-1.6674622,-0.96127105,-0.81385106,0.0057054153
0.07189521,-1.6674622,-0.96127105,-0.81385106,0.0057054153
0.053574502,-1.6674622,-0.96127105,-0.81385106,0.0057054153
0.04165306,-1.6674622,-0.96127105,-0.81385106,0.0057054153
0.033675592,-1.6674622,-0.96127105,-0.81385106,0.0057054153
0.028177723,-1.6674622,-0.96127105,-0.81385106,0.0057054153
0.024288055,-1.6674622,-0.96127105,-0.81385106,0.0057054153
0.021476533,-1.6674622,-0.96127105,-0.81385106,0.0057054153
0.019411657,-1.6674622,-0.96127105,-0.81385106,0.0057054153
0.017880559,-1.6674622,-0.96127105,-0.81385106,0.0057054153
0.016743438,-1.6674622,-0.96127105,-0.81385106,0.0057054153
0.015907027,-1.6674622,-0.96127105,-0.81385106,0.0057054153
0.01530875,-1.6674622,-0.96127105,-0.81385106,0.0057054153
0.014907099,-1.6674622,-0.96127105,-0.81385106,0.0057054153
0.014675779,-1.6674622,-0.96127105,-0.81385106,0.0057054153
0.014600212,-1.6674622,-0.96127105,-0.81385094,0.0057054004
0.014675764,-1.6674622,-0.96127105,-0.81385094,0.0057054004
0.014907099,-1.6674622,-0.96127105,-0.81385106,0.0057054153
0.01530875,-1.6674622,-0.96127105,-0.81385106,0.0057054153
0.015907027,-1.6674622,-0.96127105,-0.81385106,0.0057054153
0.016743438,-1.6674622,-0.96127105,-0.81385106,0.0057054153
0.017880559,-1.6674622,-0.96127105,-0.81385106,0.0057054153
0.019411657,-1.6674622,-0.96127105,-0.81385106,0.0057054153
0.021476533,-1.6674622,-0.96127105,-0.81385106,0.0057054153
0.024288055,-1.6674622,-0.96127105,-0.81385106,0.0057054153
0.028177712,-1.6674622,-0.96127105,-0.81385106,0.0057054153
0.03367556,-1.6674622,-0.96127105,-0.81385106,0.0057054153
0.04165304,-1.6674622,-0.96127105,-0.81385106,0.0057054153
0.053574506,-1.6674622,-0.96127105,-0.81385106,0.0057054153
0.07189513,-1.6674622,-0.96127105,-0.81385106,0.0057054153
0.1003967,-1.6674622,-0.96127105,-0.81385106,0.0057054153
0.14276752,-1.6674622,-0.96127105,-0.81385106,0.0057054153
0.19318312,-1.6674622,-0.96127105,-0.81385106,0.0057054153
0.21938935,-1.6674622,-0.96127105,-0.81385106,0.0057054153
2.7046962,-1.4071678,-0.81629115,-0.7154396,0.01827823
1.1481633,-1.4071678,-0.81629115,-0.7154396,0.01827823
0.4259165,-1.4071678,-0.81629115,-0.7154396,0.01827823
0.21226652,-1.4071678,-0.81629115,-0.7154396,0.01827823
0.12830347,-1.4071678,-0.81629115,-0.7154396,0.01827823
0.088037044,-1.4071678,-0.81629115,-0.7154396,0.01827823
0.0660819,-1.4071678,-0.81629115,-0.7154396,0.01827823
0.053021375,-1.4071678,-0.81629115,-0.7154396,0.01827823
0.0447521,-1.4071678,-0.81629115,-0.7154396,0.01827823
0.03926783,-1.4071678,-0.81629115,-0.7154396,0.01827823
0.035500918,-1.4071678,-0.81629115,-0.7154396,0.01827823
0.03284567,-1.4071678,-0.81629115,-0.7154396,0.01827823
0.03094113,-1.4071678,-0.81629115,-0.7154396,0.01827823
0.029563954,-1.4071678,-0.8162912,-0.7154396,0.018278208
0.02857221,-1.4071678,-0.8162912,-0.7154396,0.018278208
0.027874291,-1.4071678,-0.81629115,-0.7154396,0.01827823
0.027411237,-1.4071678,-0.81629115,-0.7154396,0.01827823
0.027146602,-1.4071678,-0.81629115,-0.7154396,0.01827823
0.027060496,-1.4071678,-0.81629115,-0.7154396,0.01827823
0.027146602,-1.4071678,-0.81629115,-0.7154396,0.01827823
0.027411237,-1.4071678,-0.81629115,-0.7154396,0.01827823
0.027874291,-1.4071678,-0.81629115,-0.7154396,0.01827823
0.028572232,-1.4071678,-0.81629115,-0.7154396,0.01827823
0.029563976,-1.4071678,-0.81629115,-0.7154396,0.01827823
0.03094113,-1.4071678,-0.81629115,-0.7154396,0.01827823
0.03284567,-1.4071678,-0.81629115,-0.7154396,0.01827823
0.035500918,-1.4071678,-0.81629115,-0.7154396,0.01827823
0.03926783,-1.4071678,-0.81629115,-0.7154396,0.01827823
0.04475209,-1.4071678,-0.81629115,-0.7154396,0.01827823
0.053021375,-1.4071678,-0.81629115,-0.7154396,0.01827823
0.06608188,-1.4071678,-0.81629115,-0.7154396,0.01827823
0.08803694,-1.4071678,-0.81629115,-0.7154396,0.01827823
0.12830324,-1.4071678,-0.81629115,-0.7154396,0.01827823
0.21226653,-1.4071678,-0.81629115,-0.7154396,0.01827823
0.42591652,-1.4071678,-0.81629115,-0.7154396,0.01827823
1.1481535,-1.4071678,-0.81629115,-0.7154396,0.01827823
2.7046962,-1.4071678,-0.81629115,-0.7154396,0.01827823
0.03127228,-1.2280623,-0.68611383,-0.66247565,-0.0033101377
0.029808288,-1.2280623,-0.68611383,-0.66247565,-0.0033101377
0.026090056,-1.2280623,-0.68611383,-0.66247565,-0.0033101377
0.021487122,-1.2280623,-0.68611383,-0.66247565,-0.0033101377
0.017070606,-1.2280623,-0.68611383,-0.66247565,-0.0033101377
0.013317685,-1.2280623,-0.68611383,-0.66247565,-0.0033101377
0.010306467,-1.2280623,-0.68611383,-0.66247565,-0.0033101377
0.007947529,-1.2280623,-0.68611383,-0.66247565,-0.0033101377
0.00611227,-1.2280624,-0.68611383,-0.6624757,-0.0033101302
0.0046830093,-1.2280624,-0.68611383,-0.6624757,-0.0033101302
0.0035659855,-1.2280623,-0.68611383,-0.66247565,-0.0033101377
0.002690683,-1.2280623,-0.68611383,-0.66247565,-0.0033101377
0.0020054064,-1.2280623,-0.68611383,-0.66247565,-0.0033101377
0.001472784,-1.2280623,-0.68611383,-0.66247565,-0.0033101377
0.001066047,-1.2280623,-0.68611383,-0.66247565,-0.0033101377
0.00076628267,-1.2280623,-0.68611383,-0.66247565,-0.0033101377
0.0005604683,-1.2280623,-0.68611383,-0.66247565,-0.0033101377
0.0004401449,-1.2280623,-0.68611383,-0.66247565,-0.0033101377
0.00040054903,-1.2280623,-0.68611383,-0.66247565,-0.0033101377
0.0004401449,-1.2280623,-0.68611383,-0.66247565,-0.0033101377
0.00056046876,-1.2280623,-0.68611383,-0.66247565,-0.0033101377
0.00076628267,-1.2280623,-0.68611383,-0.66247565,-0.0033101377
0.0010660456,-1.2280623,-0.68611383,-0.66247565,-0.0033101377
0.001472784,-1.2280623,-0.68611383,-0.66247565,-0.0033101377
0.0020054064,-1.2280623,-0.68611383,-0.66247565,-0.0033101377
0.0026906815,-1.2280623,-0.68611383,-0.66247565,-0.0033101377
0.0035659864,-1.2280623,-0.68611383,-0.66247565,-0.0033101377
0.004683002,-1.2280623,-0.68611383,-0.66247565,-0.0033101377
0.0061122617,-1.2280623,-0.68611383,-0.66247565,-0.0033101377
0.007947526,-1.2280623,-0.68611383,-0.66247565,-0.0033101377
0.010306466,-1.2280623,-0.68611383,-0.66247565,-0.0033101377
0.013317683,-1.2280623,-0.68611383,-0.66247565,-0.0033101377
0.017070593,-1.2280623,-0.68611383,-0.66247565,-0.0033101377
0.0214871,-1.2280623,-0.68611383,-0.66247565,-0.0033101377
0.026090048,-1.2280623,-0.68611383,-0.66247565,-0.0033101377
0.029808274,-1.2280623,-0.68611383,-0.66247565,-0.0033101377
0.03127228,-1.2280623,-0.68611383,-0.66247565,-0.0033101377
0.0475988,-1.447028,-0.7951184,-0.79042846,0.048215847
0.047669075,-1.447028,-0.7951184,-0.79042846,0.048215847
0.047861397,-1.447028,-0.7951184,-0.79042846,0.048215847
0.048129097,-1.447028,-0.79511833,-0.7904286,0.048215855
0.048417196,-1.447028,-0.79511833,-0.7904286,0.048215855
0.048680708,-1.447028,-0.7951184,-0.79042846,0.048215847
0.048893157,-1.447028,-0.7951184,-0.79042846,0.048215847
0.049045727,-1.447028,-0.7951184,-0.79042846,0.048215847
0.049141873,-1.447028,-0.7951184,-0.79042846,0.048215847
0.0491914,-1.447028,-0.7951184,-0.79042846,0.048215847
0.049206074,-1.447028,-0.7951184,-0.79042846,0.048215847
0.04919709,-1.447028,-0.7951184,-0.79042846,0.048215847
0.04917395,-1.447028,-0.7951184,-0.79042846,0.048215847
0.049144186,-1.447028,-0.7951184,-0.79042846,0.048215847
0.049113475,-1.447028,-0.7951184,-0.79042846,0.048215847
0.04908594,-1.447028,-0.7951184,-0.79042846,0.048215847
0.049064446,-1.447028,-0.7951184,-0.79042846,0.048215847
0.049050856,-1.447028,-0.7951184,-0.79042846,0.048215847
0.04904621,-1.447028,-0.7951184,-0.79042846,0.048215847
0.049050856,-1.447028,-0.7951184,-0.79042846,0.048215847
0.049064446,-1.447028,-0.7951184,-0.79042846,0.048215847
0.04908594,-1.447028,-0.7951184,-0.79042846,0.048215847
0.049113475,-1.447028,-0.7951184,-0.79042846,0.048215847
0.049144186,-1.447028,-0.7951184,-0.79042846,0.048215847
0.04917395,-1.447028,-0.7951184,-0.79042846,0.048215847
0.04919709,-1.447028,-0.7951184,-0.79042846,0.048215847
0.049206074,-1.447028,-0.7951184,-0.79042846,0.048215847
0.0491914,-1.447028,-0.7951184,-0.79042846,0.048215847
0.049141876,-1.447028,-0.7951184,-0.79042846,0.048215847
0.049045727,-1.447028,-0.7951184,-0.79042846,0.048215847
0.048893157,-1.447028,-0.7951184,-0.79042846,0.048215847
0.04868071,-1.447028,-0.7951184,-0.79042846,0.048215847
0.04841719,-1.447028,-0.7951184,-0.79042846,0.048215847
0.04812909,-1.447028,-0.7951184,-0.79042846,0.048215847
0.047861397,-1.447028,-0.7951184,-0.79042846,0.048215847
0.047669083,-1.447028,-0.79511833,-0.7904286,0.048215855
0.04759881,-1.447028,-0.79511833,-0.7904286,0.048215855
0.2609474,-1.1318275,-0.64752007,-0.59737486,0.011788904
0.23770115,-1.1318275,-0.64752007,-0.59737486,0.011788904
0.18700363,-1.1318275,-0.64752007,-0.59737486,0.011788904
0.13732691,-1.1318275,-0.64752007,-0.59737486,0.011788904
0.09997371,-1.1318275,-0.64752007,-0.59737486,0.011788904
0.074491486,-1.1318275,-0.64752007,-0.59737486,0.011788904
0.05755308,-1.1318275,-0.64752007,-0.59737486,0.011788904
0.04623976,-1.1318275,-0.64752007,-0.59737486,0.011788904
0.038551528,-1.1318275,-0.64752007,-0.59737486,0.011788904
0.033214703,-1.1318275,-0.64752007,-0.59737486,0.011788904
0.029432595,-1.1318275,-0.64752007,-0.59737486,0.011788904
0.02670484,-1.1318275,-0.64752007,-0.59737486,0.011788904
0.024713214,-1.1318275,-0.64752007,-0.59737486,0.011788904
0.0232523,-1.1318275,-0.64752007,-0.59737486,0.011788904
0.022187863,-1.1318275,-0.64752007,-0.59737486,0.011788904
0.021431707,-1.1318275,-0.64752007,-0.59737486,0.011788904
0.020926438,-1.1318275,-0.64752007,-0.59737486,0.011788904
0.020636283,-1.1318275,-0.64752007,-0.59737486,0.011788904
0.020541642,-1.1318275,-0.64752007,-0.59737486,0.011788904
0.020636283,-1.1318275,-0.64752007,-0.59737486,0.011788904
0.020926438,-1.1318275,-0.64752007,-0.59737486,0.011788904
0.021431705,-1.1318275,-0.64752007,-0.59737486,0.011788904
0.022187863,-1.1318275,-0.64752007,-0.59737486,0.011788904
0.0232523,-1.1318275,-0.64752007,-0.59737486,0.011788904
0.024713214,-1.1318275,-0.64752007,-0.59737486,0.011788904
0.02670484,-1.1318275,-0.64752007,-0.59737486,0.011788904
0.029432587,-1.1318275,-0.64752007,-0.59737486,0.011788904
0.033214703,-1.1318275,-0.64752007,-0.59737486,0.011788904
0.03855152,-1.1318275,-0.64752007,-0.59737486,0.011788904
0.04623975,-1.1318275,-0.64752007,-0.59737486,0.011788904
0.057553083,-1.1318274,-0.6475201,-0.59737486,0.011788911
0.07449147,-1.1318274,-0.6475201,-0.59737486,0.011788911
0.099973634,-1.1318275,-0.64752007,-0.59737486,0.011788904
0.13732693,-1.1318275,-0.64752007,-0.59737486,0.011788904
0.18700351,-1.1318275,-0.64752007,-0.59737486,0.011788904
0.23770086,-1.1318275,-0.64752007,-0.59737486,0.011788904
0.2609474,-1.1318275,-0.64752007,-0.59737486,0.011788904
0.01243819,-1.9011232,-1.0871253,-0.9285578,-0.0010280863
0.0120616695,-1.9011232,-1.0871253,-0.9285578,-0.0010280863
0.011065257,-1.9011232,-1.0871253,-0.9285578,-0.0010280863
0.009745268,-1.9011232,-1.0871253,-0.9285578,-0.0010280863
0.008378194,-1.9011232,-1.0871253,-0.9285578,-0.0010280863
0.007129335,-1.9011232,-1.0871253,-0.9285578,-0.0010280863
0.006062451,-1.9011232,-1.0871253,-0.9285578,-0.0010280863
0.005182176,-1.9011232,-1.0871253,-0.9285578,-0.0010280863
0.00446806,-1.9011232,-1.0871253,-0.9285578,-0.0010280863
0.0038932057,-1.9011232,-1.0871253,-0.9285578,-0.0010280863
0.0034322317,-1.9011232,-1.0871253,-0.9285578,-0.0010280863
0.0030638885,-1.9011232,-1.0871253,-0.9285578,-0.0010280863
0.0027713247,-1.9011232,-1.0871253,-0.9285578,-0.0010280863
0.002541588,-1.9011232,-1.0871253,-0.9285578,-0.0010280863
0.0023649118,-1.9011232,-1.0871253,-0.9285578,-0.0010280863
0.002234106,-1.9011232,-1.0871253,-0.9285578,-0.0010280863
0.0021440452,-1.9011232,-1.0871253,-0.9285578,-0.0010280863
0.0020913116,-1.9011232,-1.0871253,-0.9285578,-0.0010280863
0.0020739452,-1.9011232,-1.0871253,-0.9285578,-0.0010280863
0.0020913116,-1.9011232,-1.0871253,-0.9285578,-0.0010280863
0.0021440436,-1.9011232,-1.0871253,-0.9285578,-0.0010280863
0.0022341053,-1.9011232,-1.0871253,-0.9285578,-0.0010280863
0.002364912,-1.9011232,-1.0871253,-0.9285578,-0.0010280863
0.002541588,-1.9011232,-1.0871253,-0.9285578,-0.0010280863
0.0027713247,-1.9011232,-1.0871253,-0.9285578,-0.0010280863
0.0030639207,-1.901123,-1.0871253,-0.9285579,-0.0010280528
0.0034322648,-1.901123,-1.0871253,-0.9285579,-0.0010280528
0.0038932061,-1.9011232,-1.0871253,-0.9285578,-0.0010280863
0.004468061,-1.9011232,-1.0871253,-0.9285578,-0.0010280863
0.005182177,-1.9011232,-1.0871253,-0.9285578,-0.0010280863
0.0060624518,-1.9011232,-1.0871253,-0.9285578,-0.0010280863
0.007129331,-1.9011232,-1.0871253,-0.9285578,-0.0010280863
0.008378193,-1.9011232,-1.0871253,-0.9285578,-0.0010280863
0.009745269,-1.9011232,-1.0871253,-0.9285578,-0.0010280863
0.011065258,-1.9011232,-1.0871253,-0.9285578,-0.0010280863
0.01206167,-1.9011232,-1.0871253,-0.9285578,-0.0010280863
0.01243819,-1.9011232,-1.0871253,-0.9285578,-0.0010280863
0.035898898,-1.246786,-0.69613945,-0.674817,-0.0045511024
0.03362505,-1.246786,-0.69613945,-0.674817,-0.0045511024
0.028135557,-1.246786,-0.69613945,-0.674817,-0.0045511024
0.021856248,-1.246786,-0.69613945,-0.674817,-0.0045511024
0.016307287,-1.246786,-0.69613945,-0.674817,-0.0045511024
0.011917901,-1.246786,-0.69613945,-0.674817,-0.0045511024
0.008591959,-1.246786,-0.69613945,-0.674817,-0.0045511024
0.006099025,-1.246786,-0.69613945,-0.674817,-0.0045511024
0.0042237667,-1.246786,-0.69613945,-0.674817,-0.0045511024
0.0028004237,-1.246786,-0.69613945,-0.674817,-0.0045511024
0.0017097266,-1.246786,-0.69613945,-0.674817,-0.0045511024
0.0008678986,-1.246786,-0.69613945,-0.674817,-0.0045511024
0.00021648034,-1.246786,-0.69613945,-0.674817,-0.0045511024
-0.00028531067,-1.246786,-0.69613945,-0.674817,-0.0045511024
-0.00066590495,-1.246786,-0.69613945,-0.674817,-0.0045511024
-0.00094499136,-1.246786,-0.69613945,-0.674817,-0.0045511024
-0.0011359258,-1.246786,-0.69613945,-0.674817,-0.0045511024
-0.0012472975,-1.246786,-0.69613945,-0.674817,-0.0045511024
-0.0012839062,-1.246786,-0.69613945,-0.674817,-0.0045511024
-0.0012472973,-1.246786,-0.69613945,-0.674817,-0.0045511024
-0.0011359239,-1.246786,-0.69613945,-0.674817,-0.0045511005
-0.0009449895,-1.246786,-0.69613945,-0.674817,-0.0045511005
-0.0006659054,-1.246786,-0.69613945,-0.674817,-0.0045511024
-0.00028531067,-1.246786,-0.69613945,-0.674817,-0.0045511024
0.00021648034,-1.246786,-0.69613945,-0.674817,-0.0045511024
0.0008678986,-1.246786,-0.69613945,-0.674817,-0.0045511024
0.0017097271,-1.246786,-0.69613945,-0.674817,-0.0045511024
0.0028004237,-1.246786,-0.69613945,-0.674817,-0.0045511024
0.0042237667,-1.246786,-0.69613945,-0.674817,-0.0045511024
0.006099019,-1.246786,-0.69613945,-0.674817,-0.0045511024
0.008591957,-1.246786,-0.69613945,-0.674817,-0.0045511024
0.011917903,-1.246786,-0.69613945,-0.674817,-0.0045511024
0.016307283,-1.246786,-0.69613945,-0.674817,-0.0045511024
0.021856248,-1.246786,-0.69613945,-0.674817,-0.0045511024
0.028135527,-1.246786,-0.69613945,-0.674817,-0.0045511024
0.033625018,-1.246786,-0.69613945,-0.674817,-0.0045511024
0.035898898,-1.246786,-0.69613945,-0.674817,-0.0045511024
0.11902075,-1.0860226,-0.61452776,-0.572934,0.009744857
0.11499039,-1.0860226,-0.61452776,-0.572934,0.009744857
0.10438124,-1.0860226,-0.61452776,-0.572934,0.009744857
0.09049611,-1.0860226,-0.61452776,-0.572934,0.009744857
0.07640714,-1.0860226,-0.61452776,-0.572934,0.009744857
0.06390589,-1.0860226,-0.61452776,-0.572934,0.009744857
0.053609144,-1.0860226,-0.61452776,-0.572934,0.009744857
0.045459613,-1.0860226,-0.61452776,-0.572934,0.009744857
0.03913352,-1.0860226,-0.61452776,-0.572934,0.009744857
0.03426073,-1.0860226,-0.61452776,-0.572934,0.009744857
0.030514374,-1.0860226,-0.61452776,-0.572934,0.009744857
0.027634278,-1.0860226,-0.61452776,-0.572934,0.009744857
0.025423676,-1.0860226,-0.61452776,-0.572934,0.009744857
0.023737855,-1.0860226,-0.61452776,-0.572934,0.009744857
0.02247231,-1.0860226,-0.61452776,-0.572934,0.009744857
0.021552969,-1.0860226,-0.61452776,-0.572934,0.009744857
0.020928813,-1.0860226,-0.61452776,-0.572934,0.009744857
0.020566694,-1.0860226,-0.61452776,-0.572934,0.009744857
0.020447992,-1.0860226,-0.61452776,-0.572934,0.009744857
0.020566694,-1.0860226,-0.61452776,-0.572934,0.009744857
0.020928813,-1.0860226,-0.61452776,-0.572934,0.009744857
0.021552969,-1.0860226,-0.61452776,-0.572934,0.009744857
0.022472307,-1.0860226,-0.61452776,-0.572934,0.009744857
0.023737855,-1.0860226,-0.61452776,-0.572934,0.009744857
0.025423676,-1.0860226,-0.61452776,-0.572934,0.009744857
0.027634274,-1.0860226,-0.61452776,-0.572934,0.009744857
0.030514374,-1.0860226,-0.61452776,-0.572934,0.009744857
0.034260735,-1.0860226,-0.61452776,-0.572934,0.009744857
0.039133504,-1.0860226,-0.61452776,-0.572934,0.009744857
0.045459602,-1.0860226,-0.61452776,-0.572934,0.009744857
0.053609133,-1.0860226,-0.61452776,-0.572934,0.009744857
0.06390588,-1.0860226,-0.61452776,-0.572934,0.009744857
0.076407105,-1.0860226,-0.61452776,-0.572934,0.009744857
0.090496115,-1.0860226,-0.61452776,-0.572934,0.009744857
0.104381196,-1.0860226,-0.61452776,-0.572934,0.009744857
0.11499029,-1.0860226,-0.61452776,-0.572934,0.009744857
0.11902075,-1.0860226,-0.61452776,-0.572934,0.009744857
0.019020855,-1.7768378,-1.0167514,-0.88284093,-0.004761501
0.017675687,-1.7768378,-1.0167514,-0.88284093,-0.004761501
0.014465875,-1.7768378,-1.0167514,-0.88284093,-0.004761501
0.010857669,-1.7768378,-1.0167514,-0.88284093,-0.004761501
0.00772293,-1.7768378,-1.0167514,-0.88284093,-0.004761501
0.0052768877,-1.7768378,-1.0167514,-0.88284093,-0.004761501
0.0034419019,-1.7768378,-1.0167514,-0.88284093,-0.004761501
0.0020763562,-1.7768378,-1.0167514,-0.88284093,-0.004761501
0.0010548118,-1.7768378,-1.0167514,-0.88284093,-0.004761501
0.00028317608,-1.7768378,-1.0167514,-0.88284093,-0.004761501
-0.00030529127,-1.7768378,-1.0167514,-0.88284093,-0.0047614975
-0.0007571704,-1.7768378,-1.0167514,-0.88284093,-0.0047614975
-0.0011049297,-1.7768378,-1.0167514,-0.88284093,-0.004761501
-0.0013712838,-1.7768378,-1.0167514,-0.88284093,-0.004761501
-0.0015721773,-1.7768378,-1.0167514,-0.88284093,-0.004761501
-0.0017187353,-1.7768378,-1.0167514,-0.88284093,-0.004761501
-0.0018185768,-1.7768378,-1.0167514,-0.88284093,-0.004761501
-0.0018766376,-1.7768378,-1.0167514,-0.88284093,-0.004761501
-0.0018956931,-1.7768378,-1.0167514,-0.88284093,-0.004761501
-0.0018766373,-1.7768378,-1.0167514,-0.88284093,-0.004761501
-0.0018185768,-1.7768378,-1.0167514,-0.88284093,-0.004761501
-0.0017187353,-1.7768378,-1.0167514,-0.88284093,-0.004761501
-0.0015721768,-1.7768378,-1.0167514,-0.88284093,-0.004761501
-0.0013712838,-1.7768378,-1.0167514,-0.88284093,-0.004761501
-0.0011049297,-1.7768378,-1.0167514,-0.88284093,-0.004761501
-0.00075717457,-1.7768378,-1.0167514,-0.88284093,-0.004761501
-0.00030529592,-1.7768378,-1.0167514,-0.88284093,-0.004761501
0.00028317608,-1.7768378,-1.0167514,-0.88284093,-0.004761501
0.0010548099,-1.7768378,-1.0167514,-0.88284093,-0.004761501
0.0020763571,-1.7768378,-1.0167514,-0.88284093,-0.004761501
0.0034418944,-1.7768378,-1.0167514,-0.88284093,-0.004761501
0.0052768886,-1.7768378,-1.0167514,-0.88284093,-0.004761501
0.0077229235,-1.7768378,-1.0167514,-0.88284093,-0.004761501
0.010857669,-1.7768378,-1.0167514,-0.88284093,-0.004761501
0.014465877,-1.7768378,-1.0167514,-0.88284093,-0.004761501
0.01767569,-1.7768378,-1.0167514,-0.88284093,-0.004761501
0.019020855,-1.7768378,-1.0167514,-0.88284093,-0.004761501
0.1632632,-1.2502016,-0.7159304,-0.6462501,0.009879087
0.15137866,-1.2502016,-0.7159304,-0.6462501,0.009879087
0.12426304,-1.2502016,-0.7159304,-0.6462501,0.009879087
0.09586096,-1.2502016,-0.7159304,-0.6462501,0.009879087
0.073034056,-1.2502016,-0.7159304,-0.6462501,0.009879087
0.056534324,-1.2502015,-0.71593046,-0.6462501,0.0098790815
0.045027923,-1.2502015,-0.71593046,-0.6462501,0.0098790815
0.037036516,-1.2502016,-0.7159304,-0.6462501,0.009879087
0.03143217,-1.2502016,-0.7159304,-0.6462501,0.009879087
0.02744319,-1.2502016,-0.7159304,-0.6462501,0.009879087
0.024560016,-1.2502016,-0.7159304,-0.6462501,0.009879087
0.02244858,-1.2502016,-0.7159304,-0.6462501,0.009879087
0.020888876,-1.2502016,-0.7159304,-0.6462501,0.009879087
0.019734759,-1.2502016,-0.7159304,-0.6462501,0.009879087
0.018888462,-1.2502016,-0.7159304,-0.6462501,0.009879087
0.01828454,-1.2502016,-0.7159304,-0.6462501,0.009879087
0.017879764,-1.2502016,-0.7159304,-0.6462501,0.009879087
0.017646877,-1.2502016,-0.7159304,-0.6462501,0.009879087
0.017570846,-1.2502016,-0.7159304,-0.6462501,0.009879087
0.017646877,-1.2502016,-0.7159304,-0.6462501,0.009879087
0.017879765,-1.2502016,-0.7159304,-0.6462501,0.009879087
0.01828454,-1.2502016,-0.7159304,-0.6462501,0.009879087
0.018888462,-1.2502016,-0.7159304,-0.6462501,0.009879087
0.019734759,-1.2502016,-0.7159304,-0.6462501,0.009879087
0.020888876,-1.2502016,-0.7159304,-0.6462501,0.009879087
0.02244858,-1.2502016,-0.7159304,-0.6462501,0.009879087
0.024560006,-1.2502016,-0.7159304,-0.6462501,0.009879087
0.02744319,-1.2502016,-0.7159304,-0.6462501,0.009879087
0.031432167,-1.2502016,-0.7159304,-0.6462501,0.009879087
0.0370365,-1.2502016,-0.7159304,-0.6462501,0.009879087
0.0450279,-1.2502016,-0.7159304,-0.6462501,0.009879087
0.0565343,-1.2502016,-0.7159304,-0.6462501,0.009879087
0.07303403,-1.2502016,-0.7159304,-0.6462501,0.009879087
0.09586091,-1.2502016,-0.7159304,-0.6462501,0.009879087
0.12426282,-1.2502016,-0.7159304,-0.6462501,0.009879087
0.15137866,-1.2502016,-0.7159304,-0.6462501,0.009879087
0.1632632,-1.2502016,-0.7159304,-0.6462501,0.009879087
0.026121689,-1.1455711,-0.6339425,-0.6245853,-0.0059350412
0.025136773,-1.1455711,-0.6339425,-0.6245853,-0.0059350412
0.022519276,-1.1455711,-0.6339425,-0.6245853,-0.00593503
0.019026272,-1.1455711,-0.6339425,-0.6245853,-0.00593503
0.015377248,-1.1455711,-0.6339425,-0.6245853,-0.00593503
0.012014976,-1.1455711,-0.6339425,-0.6245853,-0.00593503
0.00912015,-1.1455711,-0.6339425,-0.6245853,-0.00593503
0.006715147,-1.1455711,-0.6339425,-0.6245853,-0.00593503
0.004751918,-1.1455711,-0.6339425,-0.6245853,-0.00593503
0.0031620013,-1.1455711,-0.6339425,-0.6245853,-0.00593503
0.0018792115,-1.1455711,-0.6339425,-0.6245853,-0.00593503
0.0008475492,-1.1455711,-0.6339425,-0.6245853,-0.00593503
2.25869e-05,-1.1455711,-0.6339425,-0.6245853,-0.00593503
-0.0006296728,-1.1455711,-0.6339425,-0.6245853,-0.00593503
-0.0011346051,-1.1455711,-0.6339425,-0.6245853,-0.00593503
-0.0015106797,-1.1455711,-0.6339425,-0.6245853,-0.00593503
-0.001770881,-1.1455711,-0.6339425,-0.6245853,-0.00593503
-0.0019237725,-1.1455711,-0.6339425,-0.6245853,-0.00593503
-0.0019742097,-1.1455711,-0.6339425,-0.6245853,-0.00593503
-0.001923772,-1.1455711,-0.6339425,-0.6245853,-0.00593503
-0.0017708815,-1.1455711,-0.6339425,-0.6245853,-0.00593503
-0.001510682,-1.1455711,-0.6339425,-0.6245853,-0.00593503
-0.0011346061,-1.1455711,-0.6339425,-0.6245853,-0.00593503
-0.0006296728,-1.1455711,-0.6339425,-0.6245853,-0.00593503
2.25869e-05,-1.1455711,-0.6339425,-0.6245853,-0.00593503
0.0008475492,-1.1455711,-0.6339425,-0.6245853,-0.00593503
0.0018792115,-1.1455711,-0.6339425,-0.6245853,-0.00593503
0.0031620022,-1.1455711,-0.6339425,-0.6245853,-0.00593503
0.0047519132,-1.1455711,-0.6339425,-0.6245853,-0.00593503
0.006715147,-1.1455711,-0.6339425,-0.6245853,-0.00593503
0.009120144,-1.1455711,-0.6339425,-0.6245853,-0.00593503
0.012014966,-1.1455711,-0.6339425,-0.6245853,-0.00593503
0.015377225,-1.1455711,-0.6339425,-0.6245853,-0.0059350412
0.019026255,-1.1455711,-0.6339425,-0.6245853,-0.0059350412
0.022519264,-1.1455711,-0.6339425,-0.6245853,-0.00593503
0.025136786,-1.1455711,-0.6339425,-0.6245853,-0.00593503
0.0261217,-1.1455711,-0.6339425,-0.6245853,-0.00593503
0.7319333,-1.0697354,-0.6161958,-0.5645111,0.024719024
0.63203835,-1.0697354,-0.6161958,-0.5645111,0.024719024
0.4450151,-1.0697354,-0.6161958,-0.5645111,0.024719024
0.2945172,-1.0697354,-0.6161958,-0.5645111,0.024719024
0.19849709,-1.0697354,-0.6161958,-0.5645111,0.024719024
0.14038241,-1.0697354,-0.6161958,-0.5645111,0.024719024
0.10493924,-1.0697354,-0.6161958,-0.5645111,0.024719024
0.082729965,-1.0697354,-0.6161958,-0.5645111,0.024719024
0.068361305,-1.0697354,-0.6161958,-0.5645111,0.024719024
0.05877062,-1.0697354,-0.6161958,-0.5645111,0.024719024
0.05218803,-1.0697354,-0.6161958,-0.5645111,0.024719024
0.04756484,-1.0697354,-0.6161958,-0.5645111,0.024719024
0.04426309,-1.0697354,-0.6161958,-0.5645111,0.024719024
0.0418851,-1.0697354,-0.6161958,-0.5645111,0.024719024
0.040178087,-1.0697354,-0.6161958,-0.5645111,0.024719024
0.038979597,-1.0697354,-0.6161958,-0.5645111,0.024719024
0.0381857,-1.0697354,-0.6161958,-0.5645111,0.024719024
0.037732422,-1.0697354,-0.6161958,-0.5645111,0.024719024
0.037584998,-1.0697354,-0.6161958,-0.5645111,0.024719024
0.037732422,-1.0697354,-0.6161958,-0.5645111,0.024719024
0.0381857,-1.0697354,-0.6161958,-0.5645111,0.024719024
0.038979597,-1.0697354,-0.6161958,-0.5645111,0.024719024
0.040178087,-1.0697354,-0.6161958,-0.5645111,0.024719024
0.0418851,-1.0697354,-0.6161958,-0.5645111,0.024719024
0.04426309,-1.0697354,-0.6161958,-0.5645111,0.024719024
0.04756484,-1.0697354,-0.6161958,-0.5645111,0.024719024
0.052188024,-1.0697354,-0.6161958,-0.5645111,0.024719024
0.058770612,-1.0697353,-0.6161958,-0.56451106,0.024719013
0.06836128,-1.0697353,-0.6161958,-0.56451106,0.024719013
0.08272991,-1.0697354,-0.6161958,-0.5645111,0.024719024
0.10493918,-1.0697354,-0.6161958,-0.5645111,0.024719024
0.14038233,-1.0697354,-0.6161958,-0.5645111,0.024719024
0.19849698,-1.0697354,-0.6161958,-0.5645111,0.024719024
0.2945169,-1.0697354,-0.6161958,-0.5645111,0.024719024
0.44501454,-1.0697354,-0.6161958,-0.5645111,0.024719024
0.63203657,-1.0697354,-0.6161958,-0.5645111,0.024719024
0.7319333,-1.0697354,-0.6161958,-0.5645111,0.024719024
0.09915941,-1.21777,-0.6912517,-0.64457124,0.0012762367
0.091855526,-1.21777,-0.6912517,-0.64457124,0.0012762367
0.07504376,-1.21777,-0.6912517,-0.64457124,0.0012762367
0.057225607,-1.21777,-0.6912517,-0.64457124,0.0012762367
0.042760897,-1.21777,-0.6912517,-0.64457124,0.0012762367
0.03222611,-1.21777,-0.6912517,-0.64457124,0.0012762367
0.024831159,-1.21777,-0.6912517,-0.64457124,0.0012762367
0.019658962,-1.21777,-0.6912517,-0.64457124,0.0012762367
0.016001524,-1.21777,-0.6912517,-0.64457124,0.0012762367
0.013373022,-1.21777,-0.6912517,-0.64457124,0.0012762367
0.011452722,-1.21777,-0.6912517,-0.64457124,0.0012762367
0.010030514,-1.21777,-0.6912517,-0.64457124,0.0012762367
0.008968049,-1.21777,-0.6912517,-0.64457124,0.0012762367
0.00817342,-1.21777,-0.6912517,-0.64457124,0.0012762367
0.0075850803,-1.21777,-0.6912517,-0.64457124,0.0012762367
0.0071617747,-1.21777,-0.6912517,-0.64457124,0.0012762367
0.006876221,-1.21777,-0.6912517,-0.64457124,0.0012762367
0.0067112,-1.21777,-0.6912517,-0.64457124,0.0012762367
0.0066572046,-1.21777,-0.6912517,-0.64457124,0.0012762367
0.0067112,-1.21777,-0.6912517,-0.64457124,0.0012762367
0.006876221,-1.21777,-0.6912517,-0.64457124,0.0012762367
0.0071617747,-1.21777,-0.6912517,-0.64457124,0.0012762367
0.0075850673,-1.21777,-0.69125175,-0.64457124,0.0012762237
0.008173407,-1.21777,-0.69125175,-0.64457124,0.0012762237
0.008968049,-1.21777,-0.6912517,-0.64457124,0.0012762367
0.010030511,-1.21777,-0.6912517,-0.64457124,0.0012762367
0.011452722,-1.21777,-0.6912517,-0.64457124,0.0012762367
0.013373022,-1.21777,-0.6912517,-0.64457124,0.0012762367
0.01600152,-1.21777,-0.6912517,-0.64457124,0.0012762367
0.019658955,-1.21777,-0.6912517,-0.64457124,0.0012762367
0.02483116,-1.21777,-0.6912517,-0.64457124,0.0012762367
0.03222609,-1.21777,-0.6912517,-0.64457124,0.0012762367
0.042760875,-1.21777,-0.6912517,-0.64457124,0.0012762367
0.057225574,-1.21777,-0.6912517,-0.64457124,0.0012762367
0.07504369,-1.21777,-0.6912517,-0.64457124,0.0012762367
0.091855414,-1.21777,-0.6912517,-0.64457124,0.0012762367
0.09915941,-1.21777,-0.6912517,-0.64457124,0.0012762367
0.052035134,-1.127971,-0.63221985,-0.60353595,-0.0008653675
0.0503596,-1.127971,-0.63221985,-0.60353595,-0.0008653675
0.04589336,-1.127971,-0.63221985,-0.60353595,-0.0008653675
0.03991553,-1.127971,-0.63221985,-0.60353595,-0.0008653675
0.033674873,-1.127971,-0.63221985,-0.60353595,-0.0008653675
0.02796148,-1.127971,-0.63221985,-0.60353595,-0.0008653675
0.023102487,-1.127971,-0.63221985,-0.60353595,-0.0008653675
0.019133532,-1.127971,-0.63221985,-0.60353595,-0.0008653675
0.015957633,-1.127971,-0.63221985,-0.60353595,-0.0008653675
0.013439998,-1.127971,-0.63221985,-0.60353595,-0.0008653675
0.011451857,-1.127971,-0.63221985,-0.60353595,-0.0008653675
0.0098855505,-1.127971,-0.63221985,-0.60353595,-0.0008653675
0.008656684,-1.127971,-0.63221985,-0.60353595,-0.0008653675
0.0077014025,-1.127971,-0.63221985,-0.60353595,-0.0008653675
0.006972554,-1.127971,-0.63221985,-0.60353595,-0.0008653675
0.0064360984,-1.127971,-0.63221985,-0.60353595,-0.0008653675
0.006068253,-1.127971,-0.63221985,-0.60353595,-0.0008653675
0.005853411,-1.127971,-0.6322198,-0.603536,-0.00086537306
0.0057827523,-1.127971,-0.6322198,-0.603536,-0.00086537306
0.0058534164,-1.127971,-0.63221985,-0.60353595,-0.0008653675
0.006068253,-1.127971,-0.63221985,-0.60353595,-0.0008653675
0.0064360956,-1.127971,-0.63221985,-0.60353595,-0.0008653675
0.006972554,-1.127971,-0.63221985,-0.60353595,-0.0008653675
0.0077014025,-1.127971,-0.63221985,-0.60353595,-0.0008653675
0.008656684,-1.127971,-0.63221985,-0.60353595,-0.0008653675
0.0098855505,-1.127971,-0.63221985,-0.60353595,-0.0008653675
0.011451857,-1.127971,-0.63221985,-0.60353595,-0.0008653675
0.013439999,-1.127971,-0.63221985,-0.60353595,-0.0008653675
0.015957627,-1.127971,-0.63221985,-0.60353595,-0.0008653675
0.019133536,-1.127971,-0.63221985,-0.60353595,-0.0008653675
0.023102483,-1.127971,-0.63221985,-0.60353595,-0.0008653675
0.02796147,-1.127971,-0.63221985,-0.60353595,-0.0008653675
0.03367486,-1.127971,-0.63221985,-0.60353595,-0.0008653675
0.03991553,-1.127971,-0.63221985,-0.60353595,-0.0008653675
0.045893338,-1.127971,-0.63221985,-0.60353595,-0.0008653675
0.050359573,-1.127971,-0.63221985,-0.60353595,-0.0008653675
0.052035134,-1.127971,-0.63221985,-0.60353595,-0.0008653675
0.049122017,-1.8947802,-1.0889139,-0.9240313,-0.004076968
0.044270303,-1.8947802,-1.0889139,-0.9240313,-0.004076968
0.03398166,-1.8947802,-1.0889139,-0.9240313,-0.004076968
0.024192039,-1.8947802,-1.0889139,-0.9240313,-0.004076968
0.016901948,-1.8947802,-1.0889139,-0.9240313,-0.004076968
0.011861765,-1.8947802,-1.0889139,-0.9240313,-0.004076968
0.008406739,-1.8947802,-1.0889139,-0.9240313,-0.004076968
0.006002511,-1.8947802,-1.0889139,-0.9240313,-0.004076968
0.0042930497,-1.8947802,-1.0889139,-0.9240313,-0.004076968
0.0030515455,-1.8947802,-1.0889139,-0.9240313,-0.004076968
0.0021335962,-1.8947802,-1.0889139,-0.9240313,-0.004076968
0.0014458937,-1.8947802,-1.0889139,-0.9240313,-0.004076968
0.00092699146,-1.8947802,-1.088914,-0.92403144,-0.0040770015
0.00053580943,-1.8947802,-1.088914,-0.92403144,-0.0040770015
0.00024445774,-1.8947802,-1.0889139,-0.9240313,-0.004076968
3.3903867e-05,-1.8947802,-1.0889139,-0.9240313,-0.004076968
-0.000108540524,-1.8947802,-1.0889139,-0.9240313,-0.004076968
-0.00019100076,-1.8947802,-1.0889139,-0.9240313,-0.004076968
-0.00021800306,-1.8947802,-1.0889139,-0.9240313,-0.004076968
-0.00019100076,-1.8947802,-1.0889139,-0.9240313,-0.004076968
-0.00010854099,-1.8947802,-1.0889139,-0.9240313,-0.004076968
3.3902936e-05,-1.8947802,-1.0889139,-0.9240313,-0.004076968
0.00024445774,-1.8947802,-1.0889139,-0.9240313,-0.004076968
0.00053584296,-1.8947802,-1.0889139,-0.9240313,-0.004076968
0.000927025,-1.8947802,-1.0889139,-0.9240313,-0.004076968
0.0014458941,-1.8947802,-1.0889139,-0.9240313,-0.004076968
0.0021335944,-1.8947802,-1.0889139,-0.9240313,-0.004076968
0.003051546,-1.8947802,-1.0889139,-0.9240313,-0.004076968
0.004293044,-1.8947802,-1.0889139,-0.9240313,-0.004076968
0.0060025044,-1.8947802,-1.0889139,-0.9240313,-0.004076968
0.008406739,-1.8947802,-1.0889139,-0.9240313,-0.004076968
0.0118617555,-1.8947802,-1.0889139,-0.9240313,-0.004076968
0.016901925,-1.8947802,-1.0889139,-0.9240313,-0.004076968
0.024191998,-1.8947802,-1.0889139,-0.9240313,-0.004076968
0.03398166,-1.8947802,-1.0889139,-0.9240313,-0.004076968
0.044270307,-1.8947802,-1.0889139,-0.9240313,-0.004076968
0.049122017,-1.8947802,-1.0889139,-0.9240313,-0.004076968
0.24875535,-1.3757097,-0.79192847,-0.7098259,0.006136059
0.20749623,-1.3757097,-0.79192847,-0.7098259,0.006136059
0.13845523,-1.3757097,-0.79192847,-0.7098259,0.006136059
0.08918219,-1.3757097,-0.79192847,-0.7098259,0.006136059
0.059942633,-1.3757097,-0.79192847,-0.7098259,0.006136059
0.042769726,-1.3757097,-0.79192847,-0.7098259,0.006136059
0.032336146,-1.3757097,-0.79192847,-0.7098259,0.006136059
0.025729585,-1.3757097,-0.7919284,-0.7098259,0.0061360626
0.021380568,-1.3757097,-0.7919284,-0.7098259,0.0061360626
0.018419225,-1.3757097,-0.79192847,-0.7098259,0.006136059
0.016345521,-1.3757097,-0.79192847,-0.7098259,0.006136059
0.014861462,-1.3757097,-0.79192847,-0.7098259,0.006136059
0.013783656,-1.3757097,-0.79192847,-0.7098259,0.006136059
0.012996144,-1.3757097,-0.79192847,-0.7098259,0.006136059
0.012424078,-1.3757097,-0.79192847,-0.7098259,0.006136059
0.012018649,-1.3757097,-0.79192847,-0.7098259,0.006136059
0.011748228,-1.3757097,-0.79192847,-0.7098259,0.006136059
0.011593122,-1.3757097,-0.79192847,-0.7098259,0.006136059
0.011542562,-1.3757097,-0.79192847,-0.7098259,0.006136059
0.011593122,-1.3757097,-0.79192847,-0.7098259,0.006136059
0.011748227,-1.3757097,-0.79192847,-0.7098259,0.006136059
0.01201865,-1.3757097,-0.79192847,-0.7098259,0.006136059
0.012424079,-1.3757097,-0.79192847,-0.7098259,0.006136059
0.012996144,-1.3757097,-0.79192847,-0.7098259,0.006136059
0.013783656,-1.3757097,-0.79192847,-0.7098259,0.006136059
0.01486146,-1.3757097,-0.79192847,-0.7098259,0.006136059
0.016345523,-1.3757097,-0.79192847,-0.7098259,0.006136059
0.018419227,-1.3757097,-0.79192847,-0.7098259,0.006136059
0.021380559,-1.3757097,-0.79192847,-0.7098259,0.006136059
0.025729578,-1.3757097,-0.79192847,-0.7098259,0.006136059
0.03233612,-1.3757097,-0.79192847,-0.7098259,0.006136059
0.04276971,-1.3757097,-0.79192847,-0.7098259,0.006136059
0.059942577,-1.3757097,-0.79192847,-0.7098259,0.006136059
0.0891822,-1.3757097,-0.79192847,-0.7098259,0.006136059
0.13845491,-1.3757097,-0.79192847,-0.7098259,0.006136059
0.20749556,-1.3757097,-0.79192847,-0.7098259,0.006136059
0.24875535,-1.3757097,-0.79192847,-0.7098259,0.006136059
0.29516384,-1.5326372,-0.88446057,-0.76657057,0.0065653203
0.2415071,-1.5326372,-0.88446057,-0.76657057,0.0065653203
0.15696576,-1.5326372,-0.88446057,-0.7665706,0.006565311
0.10013498,-1.5326372,-0.88446057,-0.7665706,0.006565311
0.067486264,-1.5326372,-0.88446057,-0.76657057,0.0065653203
0.04851481,-1.5326372,-0.88446057,-0.76657057,0.0065653203
0.036964517,-1.5326372,-0.88446057,-0.76657057,0.0065653203
0.02958835,-1.5326372,-0.88446057,-0.76657057,0.0065653203
0.024679054,-1.5326372,-0.88446057,-0.76657057,0.0065653203
0.021298785,-1.5326372,-0.88446057,-0.76657057,0.0065653203
0.018907849,-1.5326372,-0.88446057,-0.76657057,0.0065653203
0.017182313,-1.5326372,-0.88446057,-0.76657057,0.0065653203
0.015920755,-1.5326372,-0.88446057,-0.76657057,0.0065653203
0.014994319,-1.5326372,-0.88446057,-0.76657057,0.0065653203
0.014318877,-1.5326372,-0.88446057,-0.76657057,0.0065653203
0.01383897,-1.5326372,-0.88446057,-0.76657057,0.0065653203
0.013518342,-1.5326372,-0.88446057,-0.76657057,0.0065653203
0.01333426,-1.5326372,-0.88446057,-0.76657057,0.0065653203
0.01327423,-1.5326372,-0.88446057,-0.76657057,0.0065653203
0.01333426,-1.5326372,-0.88446057,-0.76657057,0.0065653203
0.013518343,-1.5326372,-0.88446057,-0.76657057,0.0065653203
0.013838971,-1.5326372,-0.88446057,-0.76657057,0.0065653203
0.014318874,-1.5326372,-0.88446057,-0.76657057,0.0065653203
0.014994319,-1.5326372,-0.88446057,-0.76657057,0.0065653203
0.015920755,-1.5326372,-0.88446057,-0.76657057,0.0065653203
0.017182313,-1.5326372,-0.88446057,-0.76657057,0.0065653203
0.018907847,-1.5326372,-0.88446057,-0.76657057,0.0065653203
0.021298785,-1.5326372,-0.88446057,-0.76657057,0.0065653203
0.024679039,-1.5326372,-0.88446057,-0.76657057,0.0065653203
0.029588353,-1.5326372,-0.88446057,-0.76657057,0.0065653203
0.036964517,-1.5326372,-0.88446057,-0.76657057,0.0065653203
0.04851481,-1.5326372,-0.88446057,-0.76657057,0.0065653203
0.067486264,-1.5326372,-0.88446057,-0.76657057,0.0065653203
0.100135,-1.5326372,-0.88446057,-0.76657057,0.0065653203
0.15696578,-1.5326372,-0.88446057,-0.7665706,0.006565311
0.24150561,-1.5326372,-0.88446057,-0.7665706,0.006565311
0.29516384,-1.5326372,-0.88446057,-0.76657057,0.0065653203
0.030300085,-1.2860956,-0.7050526,-0.7056592,0.025487615
0.030330379,-1.2860956,-0.7050526,-0.7056592,0.025487615
0.03039072,-1.2860956,-0.7050526,-0.7056592,0.025487615
0.030414568,-1.2860956,-0.7050526,-0.7056592,0.025487615
0.030346988,-1.2860956,-0.7050526,-0.7056592,0.025487615
0.030170867,-1.2860956,-0.7050526,-0.7056592,0.025487615
0.029902486,-1.2860956,-0.7050526,-0.7056592,0.025487615
0.029573876,-1.2860956,-0.7050526,-0.7056592,0.025487615
0.029218076,-1.2860956,-0.7050526,-0.7056592,0.025487615
0.028861769,-1.2860956,-0.7050526,-0.7056592,0.025487615
0.028523676,-1.2860956,-0.7050526,-0.7056592,0.025487615
0.028215617,-1.2860956,-0.7050526,-0.7056592,0.025487615
0.02794439,-1.2860956,-0.7050526,-0.7056592,0.025487615
0.027713496,-1.2860956,-0.7050526,-0.7056592,0.025487615
0.027524456,-1.2860956,-0.7050526,-0.7056592,0.025487615
0.027377704,-1.2860956,-0.7050526,-0.7056592,0.025487615
0.027273158,-1.2860956,-0.7050526,-0.7056592,0.025487615
0.027210573,-1.2860956,-0.7050526,-0.7056592,0.025487615
0.027189737,-1.2860956,-0.7050526,-0.7056592,0.025487615
0.027210573,-1.2860956,-0.7050526,-0.7056592,0.025487615
0.027273158,-1.2860956,-0.7050526,-0.7056592,0.025487615
0.027377704,-1.2860956,-0.7050526,-0.7056592,0.025487615
0.027524456,-1.2860956,-0.7050526,-0.7056592,0.025487615
0.027713496,-1.2860956,-0.7050526,-0.7056592,0.025487615
0.02794439,-1.2860956,-0.7050526,-0.7056592,0.025487615
0.028215617,-1.2860956,-0.7050526,-0.7056592,0.025487615
0.028523676,-1.2860956,-0.7050526,-0.7056592,0.025487615
0.028861769,-1.2860956,-0.7050526,-0.7056592,0.025487615
0.029218074,-1.2860956,-0.7050526,-0.7056592,0.025487615
0.029573873,-1.2860956,-0.7050526,-0.7056592,0.025487613
0.029902482,-1.2860956,-0.7050526,-0.7056592,0.025487613
0.030170867,-1.2860956,-0.7050526,-0.7056592,0.025487615
0.030346986,-1.2860956,-0.7050526,-0.7056592,0.025487615
0.03041457,-1.2860956,-0.7050526,-0.7056592,0.025487615
0.03039072,-1.2860956,-0.7050526,-0.7056592,0.025487615
0.030330384,-1.2860956,-0.7050526,-0.7056592,0.025487615
0.030300085,-1.2860956,-0.7050526,-0.7056592,0.025487615
0.028128285,-1.5670525,-0.89326656,-0.7805006,0.0008407242
0.027277505,-1.5670525,-0.89326656,-0.7805006,0.0008407242
0.02502826,-1.5670525,-0.89326656,-0.7805006,0.0008407242
0.022056269,-1.5670525,-0.89326656,-0.7805006,0.0008407242
0.018993406,-1.5670525,-0.89326656,-0.7805006,0.0008407242
0.016217016,-1.5670525,-0.89326656,-0.7805006,0.0008407242
0.013870082,-1.5670525,-0.89326656,-0.7805006,0.0008407242
0.011958471,-1.5670525,-0.89326656,-0.7805006,0.0008407242
0.010430084,-1.5670525,-0.89326656,-0.7805006,0.0008407242
0.009218486,-1.5670525,-0.89326656,-0.7805006,0.0008407242
0.008261722,-1.5670525,-0.89326656,-0.7805006,0.0008407242
0.00750837,-1.5670525,-0.89326656,-0.7805006,0.0008407242
0.006918053,-1.5670525,-0.89326656,-0.7805006,0.0008407242
0.00646001,-1.5670525,-0.89326656,-0.7805006,0.0008407242
0.0061113145,-1.5670525,-0.89326656,-0.7805006,0.0008407242
0.0058552586,-1.5670525,-0.89326656,-0.7805006,0.0008407242
0.005680046,-1.5670525,-0.89326656,-0.7805006,0.0008407242
0.005577876,-1.5670525,-0.89326656,-0.7805006,0.0008407242
0.0055442993,-1.5670525,-0.89326656,-0.7805006,0.0008407242
0.005577876,-1.5670525,-0.89326656,-0.7805006,0.0008407242
0.005680046,-1.5670525,-0.89326656,-0.7805006,0.0008407242
0.0058552586,-1.5670525,-0.89326656,-0.7805006,0.0008407242
0.0061113155,-1.5670525,-0.89326656,-0.7805006,0.0008407242
0.00646001,-1.5670525,-0.89326656,-0.7805006,0.0008407242
0.006918025,-1.5670525,-0.89326656,-0.78050065,0.0008406963
0.007508343,-1.5670525,-0.89326656,-0.78050065,0.0008406963
0.008261718,-1.5670525,-0.89326656,-0.7805006,0.0008407242
0.009218486,-1.5670525,-0.89326656,-0.7805006,0.0008407242
0.010430085,-1.5670525,-0.89326656,-0.7805006,0.0008407242
0.0119584715,-1.5670525,-0.89326656,-0.7805006,0.0008407242
0.013870078,-1.5670525,-0.89326656,-0.7805006,0.0008407242
0.01621701,-1.5670525,-0.89326656,-0.7805006,0.0008407242
0.018993402,-1.5670525,-0.89326656,-0.7805006,0.0008407242
0.02205626,-1.5670525,-0.89326656,-0.7805006,0.0008407242
0.02502825,-1.5670525,-0.89326656,-0.7805006,0.0008407242
0.027277486,-1.5670525,-0.89326656,-0.7805006,0.0008407242
0.028128285,-1.5670525,-0.89326656,-0.7805006,0.0008407242
0.07188295,-1.6899505,-0.9710048,-0.83266765,-0.00016838987
0.06607572,-1.6899505,-0.9710048,-0.83266765,-0.00016838987
0.05321332,-1.6899505,-0.9710048,-0.83266765,-0.00016838987
0.04024067,-1.6899505,-0.9710048,-0.83266765,-0.00016838987
0.030090805,-1.6899505,-0.9710048,-0.83266765,-0.00016838987
0.02282878,-1.6899505,-0.9710048,-0.83266765,-0.00016838987
0.017744176,-1.6899505,-0.9710048,-0.83266765,-0.00016838987
0.014164588,-1.6899505,-0.9710048,-0.83266765,-0.00016838987
0.011606409,-1.6899505,-0.9710048,-0.83266765,-0.00016838987
0.00974707,-1.6899505,-0.9710048,-0.83266765,-0.00016838987
0.0083749285,-1.6899505,-0.9710048,-0.83266765,-0.00016838987
0.007350496,-1.6899505,-0.9710048,-0.83266765,-0.00016838987
0.006580769,-1.6899505,-0.9710048,-0.83266765,-0.00016838987
0.006002941,-1.6899505,-0.9710048,-0.83266765,-0.00016838987
0.0055742403,-1.6899505,-0.9710048,-0.83266765,-0.00016838987
0.0052655246,-1.6899505,-0.9710048,-0.83266765,-0.00016838987
0.0050572315,-1.6899505,-0.9710048,-0.83266765,-0.00016838987
0.0049368767,-1.6899505,-0.9710048,-0.83266765,-0.00016838987
0.0048975013,-1.6899505,-0.9710048,-0.83266765,-0.00016838987
0.004936902,-1.6899503,-0.97100484,-0.83266765,-0.0001683638
0.0050572576,-1.6899503,-0.97100484,-0.83266765,-0.0001683638
0.005265522,-1.6899505,-0.9710048,-0.83266765,-0.00016838987
0.0055742403,-1.6899505,-0.9710048,-0.83266765,-0.00016838987
0.006002941,-1.6899505,-0.9710048,-0.83266765,-0.00016838987
0.006580769,-1.6899505,-0.9710048,-0.83266765,-0.00016838987
0.007350495,-1.6899505,-0.9710048,-0.83266765,-0.00016838987
0.0083749285,-1.6899505,-0.9710048,-0.83266765,-0.00016838987
0.009747071,-1.6899505,-0.9710048,-0.83266765,-0.00016838987
0.01160641,-1.6899505,-0.9710048,-0.83266765,-0.00016838987
0.014164576,-1.6899505,-0.9710048,-0.83266765,-0.00016838987
0.017744167,-1.6899505,-0.9710048,-0.83266765,-0.00016838987
0.022828765,-1.6899505,-0.9710048,-0.83266765,-0.00016838987
0.030090805,-1.6899505,-0.9710048,-0.83266765,-0.00016838987
0.04024067,-1.6899505,-0.9710048,-0.83266765,-0.00016838987
0.053213317,-1.6899505,-0.9710048,-0.83266765,-0.00016838987
0.06607572,-1.6899505,-0.9710048,-0.83266765,-0.00016838987
0.07188295,-1.6899505,-0.9710048,-0.83266765,-0.00016838987
0.6349486,-1.1028708,-0.6360184,-0.5587736,0.03548954
0.59848917,-1.1028708,-0.6360184,-0.5587736,0.03548954
0.5102183,-1.1028708,-0.6360184,-0.5587736,0.03548954
0.40915182,-1.1028708,-0.6360184,-0.5587736,0.03548954
0.3203767,-1.1028708,-0.6360184,-0.5587736,0.03548954
0.2512333,-1.1028708,-0.6360184,-0.5587736,0.03548954
0.20013435,-1.1028708,-0.6360184,-0.5587736,0.03548954
0.16307963,-1.1028708,-0.6360184,-0.5587736,0.03548954
0.13627715,-1.1028708,-0.6360184,-0.5587736,0.03548954
0.11679332,-1.1028708,-0.6360184,-0.5587736,0.03548954
0.10252106,-1.1028708,-0.6360184,-0.5587736,0.03548954
0.091990575,-1.1028708,-0.6360184,-0.5587736,0.03548954
0.084187075,-1.1028708,-0.6360184,-0.5587736,0.03548954
0.0784116,-1.1028708,-0.6360184,-0.5587736,0.03548954
0.07418323,-1.1028708,-0.6360184,-0.5587735,0.035489544
0.0711731,-1.1028708,-0.6360184,-0.5587735,0.035489544
0.06916056,-1.1028708,-0.6360184,-0.5587736,0.03548954
0.06800494,-1.1028708,-0.6360184,-0.5587736,0.03548954
0.067628086,-1.1028708,-0.6360184,-0.5587736,0.03548954
0.06800494,-1.1028708,-0.6360184,-0.5587736,0.03548954
0.06916056,-1.1028708,-0.6360184,-0.5587736,0.03548954
0.0711731,-1.1028708,-0.6360184,-0.5587736,0.03548954
0.074183226,-1.1028708,-0.6360184,-0.5587736,0.03548954
0.0784116,-1.1028708,-0.6360184,-0.5587736,0.03548954
0.084187075,-1.1028708,-0.6360184,-0.5587736,0.03548954
0.091990575,-1.1028708,-0.6360184,-0.5587736,0.03548954
0.10252105,-1.1028708,-0.6360184,-0.5587736,0.03548954
0.11679332,-1.1028708,-0.6360184,-0.5587736,0.03548954
0.13627711,-1.1028708,-0.6360184,-0.5587736,0.03548954
0.16307953,-1.1028708,-0.6360184,-0.5587736,0.03548954
0.2001343,-1.1028708,-0.6360184,-0.5587736,0.03548954
0.25123316,-1.1028708,-0.6360184,-0.5587736,0.03548954
0.32037652,-1.1028708,-0.6360184,-0.5587736,0.03548954
0.40915158,-1.1028708,-0.6360184,-0.5587736,0.03548954
0.5102184,-1.1028708,-0.6360184,-0.5587736,0.03548954
0.59848917,-1.1028708,-0.6360184,-0.5587736,0.03548954
0.6349486,-1.1028708,-0.6360184,-0.5587736,0.03548954
0.020714432,-1.5627908,-0.8885953,-0.78147405,0.0010943364
0.020222541,-1.5627908,-0.8885953,-0.78147405,0.0010943364
0.01889511,-1.5627908,-0.8885953,-0.78147405,0.0010943364
0.017077893,-1.5627908,-0.8885953,-0.78147405,0.0010943364
0.015123942,-1.5627908,-0.8885953,-0.78147405,0.0010943364
0.013274933,-1.5627908,-0.8885953,-0.78147405,0.0010943364
0.011648389,-1.5627908,-0.8885953,-0.78147405,0.0010943364
0.010276078,-1.5627908,-0.8885953,-0.78147405,0.0010943364
0.009145041,-1.5627908,-0.8885953,-0.78147405,0.0010943364
0.008224922,-1.5627908,-0.88859534,-0.781474,0.0010943308
0.0074822744,-1.5627908,-0.88859534,-0.781474,0.0010943308
0.006886675,-1.5627908,-0.8885953,-0.78147405,0.0010943364
0.0064127687,-1.5627908,-0.8885953,-0.78147405,0.0010943364
0.006040398,-1.5627908,-0.8885953,-0.78147405,0.0010943364
0.0057540433,-1.5627908,-0.8885953,-0.78147405,0.0010943364
0.005542106,-1.5627908,-0.8885953,-0.78147405,0.0010943364
0.005396243,-1.5627908,-0.8885953,-0.78147405,0.0010943364
0.005310865,-1.5627908,-0.8885953,-0.78147405,0.0010943364
0.005282754,-1.5627908,-0.8885953,-0.78147405,0.0010943364
0.005310865,-1.5627908,-0.8885953,-0.78147405,0.0010943364
0.005396243,-1.5627908,-0.8885953,-0.78147405,0.0010943364
0.005542105,-1.5627908,-0.8885953,-0.78147405,0.0010943364
0.0057540433,-1.5627908,-0.8885953,-0.78147405,0.0010943364
0.006040398,-1.5627908,-0.8885953,-0.78147405,0.0010943364
0.0064127687,-1.5627908,-0.8885953,-0.78147405,0.0010943364
0.006886676,-1.5627908,-0.8885953,-0.78147405,0.0010943364
0.00748228,-1.5627908,-0.8885953,-0.78147405,0.0010943364
0.008224928,-1.5627908,-0.8885953,-0.78147405,0.0010943364
0.00914504,-1.5627908,-0.8885953,-0.78147405,0.0010943364
0.010276079,-1.5627908,-0.8885953,-0.78147405,0.0010943364
0.0116483895,-1.5627908,-0.8885953,-0.78147405,0.0010943364
0.013274923,-1.5627908,-0.8885953,-0.78147405,0.0010943364
0.015123938,-1.5627908,-0.8885953,-0.78147405,0.0010943364
0.017077893,-1.5627908,-0.8885953,-0.78147405,0.0010943364
0.018895114,-1.5627908,-0.8885953,-0.78147405,0.0010943364
0.020222543,-1.5627908,-0.8885953,-0.78147405,0.0010943364
0.020714432,-1.5627908,-0.8885953,-0.78147405,0.0010943364
0.09452527,-1.3238957,-0.75553894,-0.6915885,0.0007027972
0.086082056,-1.3238957,-0.75553894,-0.6915885,0.0007027972
0.06771742,-1.3238957,-0.75553894,-0.6915885,0.0007027972
0.04972041,-1.3238957,-0.75553894,-0.6915885,0.0007027972
0.036092103,-1.3238956,-0.755539,-0.6915886,0.000702773
0.02666183,-1.3238956,-0.755539,-0.6915886,0.000702773
0.020270342,-1.3238957,-0.75553894,-0.6915885,0.0007027972
0.015904883,-1.3238957,-0.75553894,-0.6915885,0.0007027972
0.012868266,-1.3238957,-0.75553894,-0.6915885,0.0007027972
0.010711678,-1.3238957,-0.75553894,-0.6915885,0.0007027972
0.009150262,-1.3238957,-0.75553894,-0.6915885,0.0007027972
0.0080021005,-1.3238957,-0.75553894,-0.6915885,0.0007027972
0.0071494216,-1.3238957,-0.75553894,-0.6915885,0.0007027972
0.00651485,-1.3238957,-0.75553894,-0.6915885,0.0007027972
0.006046963,-1.3238957,-0.75553894,-0.6915885,0.0007027972
0.005711453,-1.3238957,-0.75553894,-0.6915885,0.0007027972
0.005485708,-1.3238957,-0.75553894,-0.6915885,0.0007027972
0.005355479,-1.3238957,-0.75553894,-0.6915885,0.0007027972
0.0053129056,-1.3238957,-0.75553894,-0.6915885,0.0007027972
0.005355479,-1.3238957,-0.75553894,-0.6915885,0.0007027972
0.005485707,-1.3238957,-0.75553894,-0.6915885,0.0007027972
0.005711453,-1.3238957,-0.75553894,-0.6915885,0.0007027972
0.006046963,-1.3238957,-0.75553894,-0.6915885,0.0007027972
0.00651485,-1.3238957,-0.75553894,-0.6915885,0.0007027972
0.0071494216,-1.3238957,-0.75553894,-0.6915885,0.0007027972
0.0080021005,-1.3238957,-0.75553894,-0.6915885,0.0007027972
0.009150261,-1.3238957,-0.75553894,-0.6915885,0.0007027972
0.010711678,-1.3238957,-0.75553894,-0.6915885,0.0007027972
0.012868262,-1.3238957,-0.75553894,-0.6915885,0.0007027972
0.015904881,-1.3238957,-0.75553894,-0.6915885,0.0007027972
0.020270325,-1.3238957,-0.75553894,-0.6915885,0.0007027972
0.02666185,-1.3238957,-0.75553894,-0.6915885,0.0007027972
0.036092106,-1.3238957,-0.75553894,-0.6915885,0.0007027972
0.049720414,-1.3238957,-0.75553894,-0.6915885,0.0007027972
0.0677173,-1.3238957,-0.75553894,-0.6915885,0.0007027972
0.08608207,-1.3238957,-0.75553894,-0.6915885,0.0007027972
0.09452524,-1.3238956,-0.755539,-0.6915886,0.000702773
0.0128472345,-1.6152258,-0.9137802,-0.81222165,0.004723004
0.012740547,-1.6152258,-0.9137802,-0.8122216,0.004722993
0.012441107,-1.6152258,-0.9137802,-0.8122216,0.004722993
0.01200111,-1.6152258,-0.9137802,-0.8122216,0.004722993
0.01148345,-1.6152258,-0.9137802,-0.8122216,0.004722993
0.010943298,-1.6152258,-0.9137802,-0.8122216,0.004722993
0.010419728,-1.6152258,-0.9137802,-0.8122216,0.004722993
0.009935833,-1.6152258,-0.9137802,-0.8122216,0.004722993
0.009502618,-1.6152258,-0.9137802,-0.8122216,0.004722993
0.009123388,-1.6152258,-0.9137802,-0.8122216,0.004722993
0.008797133,-1.6152258,-0.9137802,-0.8122216,0.004722993
0.008520774,-1.6152258,-0.9137802,-0.8122216,0.004722993
0.008290512,-1.6152258,-0.9137802,-0.8122216,0.004722993
0.008102549,-1.6152258,-0.9137802,-0.8122216,0.004722993
0.00795349,-1.6152258,-0.9137802,-0.8122216,0.004722993
0.00784049,-1.6152258,-0.9137802,-0.8122216,0.004722993
0.007761342,-1.6152258,-0.9137802,-0.8122216,0.004722993
0.0077144774,-1.6152258,-0.9137802,-0.8122216,0.004722993
0.007698957,-1.6152258,-0.9137802,-0.8122216,0.004722993
0.0077144774,-1.6152258,-0.9137802,-0.8122216,0.004722993
0.007761342,-1.6152258,-0.9137802,-0.8122216,0.004722993
0.00784049,-1.6152258,-0.9137802,-0.8122216,0.004722993
0.007953489,-1.6152258,-0.9137802,-0.8122216,0.004722993
0.008102549,-1.6152258,-0.9137802,-0.8122216,0.004722993
0.008290512,-1.6152258,-0.9137802,-0.8122216,0.004722993
0.008520775,-1.6152258,-0.9137802,-0.8122216,0.004722993
0.0087971315,-1.6152258,-0.9137802,-0.8122216,0.004722993
0.009123389,-1.6152258,-0.9137802,-0.8122216,0.004722993
0.009502618,-1.6152258,-0.9137802,-0.8122216,0.004722993
0.009935833,-1.6152258,-0.9137802,-0.8122216,0.004722993
0.010419726,-1.6152258,-0.9137802,-0.8122216,0.004722993
0.010943309,-1.6152258,-0.9137802,-0.81222165,0.004723004
0.011483461,-1.6152258,-0.9137802,-0.81222165,0.004723004
0.01200111,-1.6152258,-0.9137802,-0.8122216,0.004722993
0.012441107,-1.6152258,-0.9137802,-0.8122216,0.004722993
0.01274055,-1.6152258,-0.9137802,-0.8122216,0.004722993
0.012847223,-1.6152258,-0.9137802,-0.8122216,0.004722993
0.82035774,-1.4887732,-0.8617022,-0.7433905,0.0137813045
0.5771331,-1.4887732,-0.8617022,-0.7433905,0.0137813045
0.30819103,-1.4887732,-0.8617022,-0.7433905,0.0137813045
0.17652614,-1.4887732,-0.8617022,-0.7433905,0.0137813045
0.113135695,-1.4887732,-0.8617022,-0.7433905,0.0137813045
0.07963762,-1.4887732,-0.8617022,-0.7433905,0.0137813045
0.0603233,-1.4887732,-0.8617022,-0.7433905,0.0137813045
0.04839731,-1.4887732,-0.8617022,-0.7433905,0.0137813045
0.04063567,-1.4887732,-0.8617022,-0.7433905,0.0137813045
0.03537591,-1.4887732,-0.8617022,-0.7433905,0.0137813045
0.031699844,-1.4887732,-0.8617022,-0.7433905,0.0137813045
0.029071659,-1.4887732,-0.8617022,-0.7433905,0.0137813045
0.027164683,-1.4887732,-0.8617022,-0.7433905,0.0137813045
0.025772903,-1.4887732,-0.8617022,-0.7433905,0.0137813045
0.024763256,-1.4887732,-0.8617022,-0.7433905,0.0137813045
0.024048723,-1.4887732,-0.8617022,-0.7433905,0.0137813045
0.02357274,-1.4887732,-0.8617022,-0.7433905,0.0137813045
0.023299996,-1.4887732,-0.8617022,-0.7433905,0.0137813045
0.023211136,-1.4887732,-0.8617022,-0.7433905,0.0137813045
0.023299996,-1.4887732,-0.8617022,-0.7433905,0.0137813045
0.02357274,-1.4887732,-0.8617022,-0.7433905,0.0137813045
0.024048723,-1.4887732,-0.8617022,-0.7433905,0.0137813045
0.024763256,-1.4887732,-0.8617022,-0.7433905,0.0137813045
0.025772903,-1.4887732,-0.8617022,-0.7433905,0.0137813045
0.027164683,-1.4887732,-0.8617022,-0.7433905,0.0137813045
0.029071659,-1.4887732,-0.8617022,-0.7433905,0.0137813045
0.031699814,-1.4887732,-0.86170226,-0.74339056,0.013781275
0.035375882,-1.4887732,-0.86170226,-0.74339056,0.013781275
0.040635664,-1.4887732,-0.8617022,-0.7433905,0.0137813045
0.04839731,-1.4887732,-0.8617022,-0.7433905,0.0137813045
0.060323298,-1.4887732,-0.8617022,-0.7433905,0.0137813045
0.079637565,-1.4887732,-0.8617022,-0.7433905,0.0137813045
0.1131357,-1.4887732,-0.8617022,-0.7433905,0.0137813045
0.17652586,-1.4887732,-0.8617022,-0.7433905,0.0137813045
0.30819017,-1.4887732,-0.8617022,-0.7433905,0.0137813045
0.57712996,-1.4887732,-0.8617022,-0.7433905,0.0137813045
0.82035774,-1.4887732,-0.8617022,-0.7433905,0.0137813045
0.018244777,-1.4498453,-0.8186935,-0.7366722,0.004358665
0.018028287,-1.4498453,-0.8186935,-0.7366722,0.004358665
0.01742262,-1.4498453,-0.8186935,-0.7366722,0.004358665
0.016538564,-1.4498453,-0.8186935,-0.7366722,0.004358665
0.015508735,-1.4498453,-0.8186935,-0.7366722,0.004358665
0.014447912,-1.4498453,-0.8186935,-0.7366722,0.004358665
0.013435193,-1.4498453,-0.8186935,-0.7366722,0.004358665
0.012514721,-1.4498453,-0.8186935,-0.7366722,0.004358665
0.011704763,-1.4498453,-0.8186935,-0.7366722,0.004358665
0.011007689,-1.4498453,-0.8186935,-0.7366722,0.004358665
0.010417545,-1.4498453,-0.8186935,-0.7366722,0.004358665
0.009924931,-1.4498453,-0.8186935,-0.7366722,0.004358665
0.00951976,-1.4498453,-0.8186935,-0.7366722,0.004358665
0.009192662,-1.4498453,-0.8186935,-0.7366722,0.004358665
0.008935624,-1.4498453,-0.8186935,-0.7366722,0.004358665
0.008742172,-1.4498453,-0.8186935,-0.7366722,0.004358665
0.008607395,-1.4498453,-0.8186935,-0.7366722,0.004358665
0.008527872,-1.4498453,-0.8186935,-0.7366722,0.004358665
0.008501587,-1.4498453,-0.8186935,-0.7366722,0.004358665
0.008527872,-1.4498453,-0.8186935,-0.7366722,0.004358665
0.008607395,-1.4498453,-0.8186935,-0.7366722,0.004358665
0.008742191,-1.4498452,-0.8186935,-0.7366722,0.0043586837
0.0089356415,-1.4498452,-0.8186935,-0.7366722,0.0043586837
0.009192662,-1.4498453,-0.8186935,-0.7366722,0.004358665
0.00951976,-1.4498453,-0.8186935,-0.7366722,0.004358665
0.009924931,-1.4498453,-0.8186935,-0.7366722,0.004358665
0.010417545,-1.4498453,-0.8186935,-0.7366722,0.004358665
0.011007689,-1.4498453,-0.8186935,-0.7366722,0.004358665
0.01170476,-1.4498453,-0.8186935,-0.7366722,0.004358665
0.012514718,-1.4498453,-0.8186935,-0.7366722,0.004358665
0.013435195,-1.4498453,-0.8186935,-0.7366722,0.004358665
0.014447913,-1.4498453,-0.8186935,-0.7366722,0.004358665
0.015508733,-1.4498453,-0.8186935,-0.7366722,0.004358665
0.016538568,-1.4498453,-0.8186935,-0.7366722,0.004358665
0.017422616,-1.4498453,-0.8186935,-0.7366722,0.004358665
0.018028285,-1.4498453,-0.8186935,-0.7366722,0.004358665
0.018244777,-1.4498453,-0.8186935,-0.7366722,0.004358665
0.015254417,-1.4698874,-0.82970333,-0.75760525,0.00033020857
0.01484857,-1.4698874,-0.82970333,-0.75760525,0.00033020857
0.01376838,-1.4698874,-0.82970333,-0.75760525,0.00033020857
0.012322141,-1.4698874,-0.82970333,-0.75760525,0.00033020857
0.010803365,-1.4698874,-0.82970333,-0.75760525,0.00033020857
0.009394192,-1.4698874,-0.82970333,-0.75760525,0.00033020857
0.008171241,-1.4698874,-0.82970333,-0.75760525,0.00033020857
0.007147031,-1.4698874,-0.82970333,-0.75760525,0.00033020857
0.0063049057,-1.4698874,-0.82970333,-0.75760525,0.00033020857
0.0056190053,-1.4698874,-0.82970333,-0.75760525,0.00033020857
0.005063451,-1.4698874,-0.82970333,-0.75760525,0.00033020857
0.0046157623,-1.4698874,-0.82970333,-0.75760525,0.00033020857
0.0042576464,-1.4698874,-0.82970333,-0.75760525,0.00033020857
0.0039747674,-1.4698874,-0.82970333,-0.75760525,0.00033020857
0.0037561704,-1.4698874,-0.82970333,-0.75760525,0.00033020857
0.0035937007,-1.4698874,-0.82970333,-0.75760525,0.00033020857
0.0034815243,-1.4698874,-0.8297034,-0.75760525,0.00033021602
0.0034157084,-1.4698874,-0.8297034,-0.75760525,0.00033021602
0.003394007,-1.4698874,-0.82970333,-0.75760525,0.00033020857
0.003415701,-1.4698874,-0.82970333,-0.75760525,0.00033020857
0.0034815168,-1.4698874,-0.82970333,-0.75760525,0.00033020857
0.003593701,-1.4698874,-0.82970333,-0.75760525,0.00033020857
0.00375617,-1.4698874,-0.82970333,-0.75760525,0.00033020857
0.0039747674,-1.4698874,-0.82970333,-0.75760525,0.00033020857
0.0042576464,-1.4698874,-0.82970333,-0.75760525,0.00033020857
0.0046157613,-1.4698874,-0.82970333,-0.75760525,0.00033020857
0.005063451,-1.4698874,-0.82970333,-0.75760525,0.00033020857
0.0056190053,-1.4698874,-0.82970333,-0.75760525,0.00033020857
0.006304904,-1.4698874,-0.82970333,-0.75760525,0.00033020857
0.0071470262,-1.4698874,-0.82970333,-0.75760525,0.00033020857
0.00817124,-1.4698874,-0.82970333,-0.75760525,0.00033020857
0.009394192,-1.4698874,-0.82970333,-0.75760525,0.00033020857
0.010803361,-1.4698874,-0.82970333,-0.75760525,0.00033020857
0.012322134,-1.4698874,-0.82970333,-0.75760525,0.00033020857
0.013768368,-1.4698874,-0.82970333,-0.75760525,0.00033020857
0.014848564,-1.4698874,-0.82970333,-0.75760525,0.00033020857
0.015254417,-1.4698874,-0.82970333,-0.75760525,0.00033020857
3.7568018,-1.0201031,-0.59022915,-0.5466185,0.035682872
2.3940508,-1.0201031,-0.59022915,-0.5466185,0.035682872
1.1078718,-1.0201031,-0.59022915,-0.5466185,0.035682872
0.5590739,-1.0201031,-0.59022915,-0.5466185,0.035682872
0.32026118,-1.0201031,-0.59022915,-0.5466185,0.035682872
0.20527437,-1.0201031,-0.59022915,-0.5466185,0.035682872
0.1447334,-1.0201031,-0.59022915,-0.5466185,0.035682872
0.11044053,-1.0201031,-0.59022915,-0.5466185,0.035682872
0.089809045,-1.0201031,-0.59022915,-0.5466185,0.035682872
0.07676129,-1.0201031,-0.59022915,-0.5466185,0.035682872
0.0681649,-1.0201031,-0.59022915,-0.5466185,0.035682872
0.062314253,-1.0201031,-0.59022915,-0.5466186,0.035682883
0.058236353,-1.0201031,-0.59022915,-0.5466186,0.035682883
0.05535417,-1.0201031,-0.59022915,-0.5466185,0.035682872
0.053314913,-1.0201031,-0.59022915,-0.5466185,0.035682872
0.05189856,-1.0201031,-0.59022915,-0.5466185,0.035682872
0.050967578,-1.0201031,-0.59022915,-0.5466185,0.035682872
0.05043866,-1.0201031,-0.59022915,-0.5466185,0.035682872
0.050267056,-1.0201031,-0.59022915,-0.5466185,0.035682872
0.05043866,-1.0201031,-0.59022915,-0.5466185,0.035682872
0.050967578,-1.0201031,-0.59022915,-0.5466185,0.035682872
0.05189856,-1.0201031,-0.59022915,-0.5466185,0.035682872
0.053314913,-1.0201031,-0.59022915,-0.5466185,0.035682872
0.05535417,-1.0201031,-0.59022915,-0.5466185,0.035682872
0.058236342,-1.0201031,-0.59022915,-0.5466185,0.035682872
0.06231424,-1.0201031,-0.59022915,-0.5466185,0.035682872
0.0681649,-1.0201031,-0.59022915,-0.5466185,0.035682872
0.07676129,-1.0201031,-0.59022915,-0.5466185,0.035682872
0.089809045,-1.0201031,-0.59022915,-0.5466185,0.035682872
0.1104405,-1.0201031,-0.59022915,-0.5466185,0.035682872
0.14473335,-1.0201031,-0.59022915,-0.5466185,0.035682872
0.20527422,-1.0201031,-0.59022915,-0.5466185,0.035682872
0.32026082,-1.0201031,-0.59022915,-0.5466185,0.035682872
0.5590732,-1.0201031,-0.59022915,-0.5466185,0.035682872
1.1078706,-1.0201031,-0.59022915,-0.5466185,0.035682872
2.3940458,-1.0201031,-0.59022915,-0.5466185,0.035682872
3.7568018,-1.0201031,-0.59022915,-0.5466185,0.035682872
0.167115,-1.3377175,-0.76828766,-0.6714441,0.014054307
0.15838738,-1.3377175,-0.76828766,-0.6714441,0.014054307
0.13711506,-1.3377175,-0.76828766,-0.6714441,0.014054307
0.11248823,-1.3377175,-0.76828766,-0.6714441,0.014054307
0.090575926,-1.3377175,-0.76828766,-0.6714441,0.014054307
0.07327904,-1.3377175,-0.76828766,-0.6714441,0.014054307
0.06032204,-1.3377177,-0.76828766,-0.6714441,0.014054327
0.050797462,-1.3377177,-0.76828766,-0.6714441,0.014054327
0.04381374,-1.3377175,-0.76828766,-0.6714441,0.014054307
0.038668204,-1.3377175,-0.76828766,-0.6714441,0.014054307
0.034849357,-1.3377175,-0.76828766,-0.6714441,0.014054307
0.031996362,-1.3377175,-0.76828766,-0.6714441,0.014054307
0.029857568,-1.3377175,-0.76828766,-0.6714441,0.014054307
0.02825801,-1.3377175,-0.76828766,-0.6714441,0.014054307
0.027076274,-1.3377175,-0.76828766,-0.6714441,0.014054307
0.026228674,-1.3377175,-0.76828766,-0.6714441,0.014054307
0.025658693,-1.3377175,-0.76828766,-0.6714441,0.014054307
0.025330124,-1.3377175,-0.76828766,-0.6714441,0.014054307
0.02522276,-1.3377175,-0.76828766,-0.6714441,0.014054307
0.025330124,-1.3377175,-0.76828766,-0.6714441,0.014054307
0.025658693,-1.3377175,-0.76828766,-0.6714441,0.014054307
0.026228668,-1.3377175,-0.76828766,-0.6714441,0.014054307
0.027076269,-1.3377175,-0.76828766,-0.6714441,0.014054307
0.02825801,-1.3377175,-0.76828766,-0.6714441,0.014054307
0.029857568,-1.3377175,-0.76828766,-0.6714441,0.014054307
0.031996362,-1.3377175,-0.76828766,-0.6714441,0.014054307
0.03484935,-1.3377175,-0.76828766,-0.6714441,0.014054307
0.038668204,-1.3377175,-0.76828766,-0.6714441,0.014054307
0.04381372,-1.3377175,-0.76828766,-0.6714441,0.014054307
0.050797436,-1.3377175,-0.76828766,-0.6714441,0.014054307
0.06032201,-1.3377175,-0.76828766,-0.6714441,0.014054307
0.07327901,-1.3377175,-0.76828766,-0.6714441,0.014054307
0.09057589,-1.3377175,-0.76828766,-0.6714441,0.014054307
0.11248817,-1.3377175,-0.76828766,-0.6714441,0.014054307
0.13711506,-1.3377175,-0.76828766,-0.6714441,0.014054307
0.15838738,-1.3377175,-0.76828766,-0.6714441,0.014054307
0.167115,-1.3377175,-0.76828766,-0.6714441,0.014054307
0.5037529,-1.3767345,-0.7954158,-0.70256513,0.01336103
0.39370224,-1.3767344,-0.7954158,-0.7025652,0.013361041
0.23871903,-1.3767344,-0.7954158,-0.7025652,0.013361041
0.14557676,-1.3767345,-0.7954158,-0.70256513,0.01336103
0.095798865,-1.3767345,-0.7954158,-0.70256513,0.01336103
0.06819866,-1.3767345,-0.7954158,-0.70256513,0.01336103
0.051962312,-1.3767345,-0.7954158,-0.70256513,0.01336103
0.04187841,-1.3767345,-0.7954158,-0.70256513,0.01336103
0.035324737,-1.3767345,-0.7954158,-0.70256513,0.01336103
0.030904487,-1.3767345,-0.7954158,-0.70256513,0.01336103
0.027833283,-1.3767345,-0.7954158,-0.70256513,0.01336103
0.025650363,-1.3767345,-0.7954158,-0.70256513,0.01336103
0.024074754,-1.3767345,-0.7954158,-0.70256513,0.01336103
0.022929847,-1.3767345,-0.7954158,-0.70256513,0.01336103
0.022102159,-1.3767345,-0.7954158,-0.70256513,0.01336103
0.021517921,-1.3767345,-0.7954158,-0.70256513,0.01336103
0.02112945,-1.3767345,-0.7954158,-0.70256513,0.01336103
0.020907108,-1.3767345,-0.7954158,-0.70256513,0.01336103
0.02083471,-1.3767345,-0.7954158,-0.70256513,0.01336103
0.020907108,-1.3767345,-0.7954158,-0.70256513,0.01336103
0.021129448,-1.3767345,-0.7954158,-0.70256513,0.01336103
0.021517921,-1.3767345,-0.7954158,-0.70256513,0.01336103
0.022102159,-1.3767345,-0.7954158,-0.70256513,0.01336103
0.022929847,-1.3767345,-0.7954158,-0.70256513,0.01336103
0.024074754,-1.3767345,-0.7954158,-0.70256513,0.01336103
0.025650363,-1.3767345,-0.7954158,-0.70256513,0.01336103
0.027833275,-1.3767345,-0.7954158,-0.70256513,0.01336103
0.030904487,-1.3767345,-0.7954158,-0.70256513,0.01336103
0.03532474,-1.3767345,-0.7954158,-0.70256513,0.01336103
0.0418784,-1.3767345,-0.7954158,-0.70256513,0.01336103
0.051962297,-1.3767345,-0.7954158,-0.70256513,0.01336103
0.06819866,-1.3767345,-0.7954158,-0.70256513,0.01336103
0.095798805,-1.3767345,-0.7954158,-0.70256513,0.01336103
0.14557676,-1.3767344,-0.7954158,-0.7025652,0.013361041
0.23871864,-1.3767344,-0.7954158,-0.7025652,0.013361041
0.39370006,-1.3767345,-0.7954158,-0.70256513,0.01336103
0.5037529,-1.3767345,-0.7954158,-0.70256513,0.01336103
0.0118096005,-1.5182029,-0.857057,-0.7823736,-0.0004158758
0.011480082,-1.5182029,-0.857057,-0.7823736,-0.0004158758
0.010606413,-1.5182029,-0.857057,-0.7823736,-0.0004158758
0.00944312,-1.5182029,-0.857057,-0.7823736,-0.0004158758
0.008226851,-1.5182029,-0.857057,-0.7823736,-0.0004158758
0.007100297,-1.5182029,-0.857057,-0.7823736,-0.0004158758
0.0061214967,-1.5182029,-0.857057,-0.7823736,-0.0004158758
0.005299044,-1.5182029,-0.857057,-0.7823736,-0.0004158758
0.0046197204,-1.5182029,-0.857057,-0.7823736,-0.0004158758
0.0040636286,-1.5182029,-0.857057,-0.7823736,-0.0004158758
0.0036109814,-1.5182029,-0.857057,-0.7823736,-0.0004158758
0.0032445628,-1.5182029,-0.857057,-0.7823736,-0.0004158758
0.0029502972,-1.5182029,-0.857057,-0.7823736,-0.0004158758
0.002717083,-1.5182029,-0.857057,-0.7823736,-0.0004158758
0.0025363814,-1.5182029,-0.857057,-0.7823736,-0.0004158758
0.002401801,-1.5182029,-0.857057,-0.7823736,-0.0004158758
0.002308733,-1.5182029,-0.857057,-0.7823736,-0.0004158758
0.0022540793,-1.5182029,-0.857057,-0.7823736,-0.0004158758
0.0022360554,-1.5182029,-0.857057,-0.7823736,-0.0004158758
0.0022540793,-1.5182029,-0.857057,-0.7823736,-0.0004158758
0.002308733,-1.5182029,-0.857057,-0.7823736,-0.0004158758
0.0024018006,-1.5182029,-0.857057,-0.7823736,-0.0004158758
0.0025363814,-1.5182029,-0.857057,-0.7823736,-0.0004158758
0.002717083,-1.5182029,-0.857057,-0.7823736,-0.0004158758
0.0029502972,-1.5182029,-0.857057,-0.7823736,-0.0004158758
0.0032445618,-1.5182029,-0.857057,-0.7823736,-0.0004158758
0.0036109795,-1.5182029,-0.857057,-0.7823736,-0.0004158758
0.0040636286,-1.5182029,-0.857057,-0.7823736,-0.0004158758
0.004619751,-1.5182028,-0.8570571,-0.7823736,-0.00041584414
0.0052990746,-1.5182028,-0.8570571,-0.7823736,-0.00041584414
0.0061214967,-1.5182029,-0.857057,-0.7823736,-0.0004158758
0.007100297,-1.5182029,-0.857057,-0.7823736,-0.0004158758
0.008226849,-1.5182029,-0.857057,-0.7823736,-0.0004158758
0.009443118,-1.5182029,-0.857057,-0.7823736,-0.0004158758
0.01060641,-1.5182029,-0.857057,-0.7823736,-0.0004158758
0.011480084,-1.5182029,-0.857057,-0.7823736,-0.0004158758
0.0118096005,-1.5182029,-0.857057,-0.7823736,-0.0004158758
0.03956277,-1.3287463,-0.7272036,-0.7298585,0.03777859
0.039638057,-1.3287463,-0.7272036,-0.7298585,0.03777859
0.039831445,-1.3287463,-0.7272036,-0.7298585,0.03777859
0.040066436,-1.3287463,-0.7272036,-0.7298585,0.03777859
0.040265612,-1.3287463,-0.7272036,-0.7298585,0.03777859
0.040381502,-1.3287463,-0.7272036,-0.7298585,0.03777859
0.04040199,-1.3287463,-0.7272036,-0.7298585,0.03777859
0.040339362,-1.3287463,-0.7272036,-0.7298585,0.03777859
0.04021657,-1.3287463,-0.7272036,-0.7298585,0.03777859
0.0400576,-1.3287463,-0.7272036,-0.7298585,0.03777859
0.0398828,-1.3287463,-0.7272036,-0.7298585,0.03777859
0.039707605,-1.3287463,-0.7272036,-0.7298585,0.03777859
0.039542902,-1.3287463,-0.7272036,-0.7298585,0.03777859
0.039396,-1.3287463,-0.7272036,-0.7298585,0.03777859
0.03927163,-1.3287463,-0.7272036,-0.7298585,0.03777859
0.039172746,-1.3287463,-0.7272036,-0.7298585,0.03777859
0.03910114,-1.3287463,-0.7272036,-0.7298585,0.03777859
0.039057825,-1.3287463,-0.7272036,-0.7298585,0.03777859
0.039043337,-1.3287463,-0.7272036,-0.7298585,0.03777859
0.039057825,-1.3287463,-0.7272036,-0.7298585,0.03777859
0.03910114,-1.3287463,-0.7272036,-0.7298585,0.03777859
0.039172746,-1.3287463,-0.7272036,-0.7298585,0.03777859
0.039271627,-1.3287463,-0.7272036,-0.7298585,0.03777859
0.039396007,-1.3287463,-0.7272036,-0.7298586,0.037778597
0.03954291,-1.3287463,-0.7272036,-0.7298586,0.037778597
0.039707605,-1.3287463,-0.7272036,-0.7298585,0.03777859
0.0398828,-1.3287463,-0.7272036,-0.7298585,0.03777859
0.0400576,-1.3287463,-0.7272036,-0.7298585,0.03777859
0.04021657,-1.3287463,-0.7272036,-0.7298585,0.03777859
0.040339362,-1.3287463,-0.7272036,-0.7298585,0.03777859
0.040401988,-1.3287463,-0.7272036,-0.7298585,0.03777859
0.040381502,-1.3287463,-0.7272036,-0.7298585,0.03777859
0.04026561,-1.3287463,-0.7272036,-0.7298585,0.03777859
0.040066436,-1.3287463,-0.7272036,-0.7298585,0.03777859
0.039831445,-1.3287463,-0.7272036,-0.7298585,0.03777859
0.039638057,-1.3287463,-0.7272036,-0.7298585,0.03777859
0.03956277,-1.3287463,-0.7272036,-0.7298585,0.03777859
0.2085312,-1.1534027,-0.65987355,-0.5801088,0.022825334
0.20380767,-1.1534027,-0.65987355,-0.5801088,0.022825334
0.19086784,-1.1534027,-0.65987355,-0.5801088,0.022825334
0.17270452,-1.1534027,-0.65987355,-0.5801088,0.022825334
0.1526222,-1.1534027,-0.65987355,-0.5801088,0.022825334
0.1331457,-1.1534027,-0.65987355,-0.5801088,0.022825334
0.11570881,-1.1534027,-0.65987355,-0.5801088,0.022825334
0.100858465,-1.1534027,-0.65987355,-0.5801088,0.022825334
0.08859885,-1.1534027,-0.65987355,-0.5801088,0.022825334
0.078672424,-1.1534027,-0.65987355,-0.5801088,0.022825334
0.070735544,-1.1534027,-0.65987355,-0.5801088,0.022825334
0.064448744,-1.1534027,-0.65987355,-0.5801088,0.022825334
0.059515595,-1.1534027,-0.65987355,-0.5801088,0.022825334
0.055693682,-1.1534027,-0.65987355,-0.5801088,0.022825334
0.052793223,-1.1534027,-0.65987355,-0.5801088,0.022825334
0.050671082,-1.1534027,-0.65987355,-0.5801088,0.022825334
0.049223863,-1.1534027,-0.65987355,-0.5801088,0.022825334
0.04838211,-1.1534027,-0.65987355,-0.5801088,0.022825334
0.048105866,-1.1534024,-0.6598735,-0.5801088,0.022825334
0.04838211,-1.1534024,-0.6598735,-0.5801088,0.022825334
0.049223863,-1.1534027,-0.65987355,-0.5801088,0.022825334
0.05067108,-1.1534027,-0.65987355,-0.5801088,0.022825334
0.05279322,-1.1534027,-0.65987355,-0.5801088,0.022825334
0.055693682,-1.1534027,-0.65987355,-0.5801088,0.022825334
0.059515595,-1.1534027,-0.65987355,-0.5801088,0.022825334
0.06444874,-1.1534027,-0.65987355,-0.5801088,0.022825334
0.070735544,-1.1534027,-0.65987355,-0.5801088,0.022825334
0.078672424,-1.1534027,-0.65987355,-0.5801088,0.022825334
0.08859883,-1.1534027,-0.65987355,-0.5801088,0.022825334
0.10085848,-1.1534027,-0.65987355,-0.5801088,0.022825334
0.11570877,-1.1534027,-0.65987355,-0.5801088,0.022825334
0.13314572,-1.1534027,-0.65987355,-0.5801088,0.022825334
0.15262213,-1.1534027,-0.65987355,-0.5801088,0.022825334
0.17270453,-1.1534027,-0.65987355,-0.5801088,0.022825334
0.19086786,-1.1534027,-0.65987355,-0.5801088,0.022825334
0.20380759,-1.1534027,-0.65987355,-0.5801088,0.022825334
0.2085312,-1.1534027,-0.65987355,-0.5801088,0.022825334
0.0130552035,-1.5663142,-0.88016057,-0.80498946,0.00809333
0.013015807,-1.5663142,-0.88016057,-0.80498946,0.00809333
0.012902055,-1.5663142,-0.88016057,-0.80498946,0.00809333
0.01272604,-1.5663142,-0.88016057,-0.80498946,0.00809333
0.012504555,-1.5663142,-0.88016057,-0.80498946,0.00809333
0.012255632,-1.5663142,-0.88016057,-0.80498946,0.00809333
0.01199576,-1.5663142,-0.88016057,-0.80498946,0.00809333
0.011738321,-1.5663142,-0.88016057,-0.80498946,0.00809333
0.011493122,-1.5663142,-0.88016057,-0.80498946,0.00809333
0.011266668,-1.5663142,-0.88016057,-0.80498946,0.00809333
0.011062837,-1.5663142,-0.88016057,-0.80498946,0.00809333
0.010883575,-1.5663142,-0.88016057,-0.80498946,0.00809333
0.010729559,-1.5663142,-0.88016057,-0.80498946,0.00809333
0.010600688,-1.5663141,-0.88016057,-0.80498946,0.008093323
0.010496486,-1.5663141,-0.88016057,-0.80498946,0.008093323
0.010416321,-1.5663142,-0.88016057,-0.80498946,0.00809333
0.010359561,-1.5663142,-0.88016057,-0.80498946,0.00809333
0.010325717,-1.5663142,-0.88016057,-0.80498946,0.00809333
0.010314471,-1.5663142,-0.88016057,-0.80498946,0.00809333
0.010325717,-1.5663142,-0.88016057,-0.80498946,0.00809333
0.010359561,-1.5663142,-0.88016057,-0.80498946,0.00809333
0.010416321,-1.5663142,-0.88016057,-0.80498946,0.00809333
0.010496493,-1.5663142,-0.88016057,-0.80498946,0.00809333
0.010600695,-1.5663142,-0.88016057,-0.80498946,0.00809333
0.010729559,-1.5663142,-0.88016057,-0.80498946,0.00809333
0.010883575,-1.5663142,-0.88016057,-0.80498946,0.00809333
0.011062836,-1.5663142,-0.88016057,-0.80498946,0.00809333
0.011266668,-1.5663142,-0.88016057,-0.80498946,0.00809333
0.01149312,-1.5663142,-0.88016057,-0.80498946,0.00809333
0.011738321,-1.5663142,-0.88016057,-0.80498946,0.00809333
0.011995761,-1.5663142,-0.88016057,-0.80498946,0.00809333
0.012255631,-1.5663142,-0.88016057,-0.80498946,0.00809333
0.012504557,-1.5663142,-0.88016057,-0.80498946,0.00809333
0.012726041,-1.5663142,-0.88016057,-0.80498946,0.00809333
0.012902055,-1.5663142,-0.88016057,-0.80498946,0.00809333
0.013015809,-1.5663142,-0.88016057,-0.80498946,0.00809333
0.0130552035,-1.5663142,-0.88016057,-0.80498946,0.00809333
0.049843043,-1.4215544,-0.81028736,-0.7351931,-0.0022644487
0.046130873,-1.4215544,-0.81028736,-0.7351931,-0.0022644487
0.037593383,-1.4215544,-0.81028736,-0.7351931,-0.0022644487
0.028524296,-1.4215544,-0.81028736,-0.7351931,-0.0022644487
0.021100247,-1.4215544,-0.81028736,-0.7351931,-0.0022644487
0.015615874,-1.4215544,-0.81028736,-0.7351931,-0.0022644487
0.011696626,-1.4215544,-0.81028736,-0.7351931,-0.0022644487
0.008902389,-1.4215544,-0.81028736,-0.7351931,-0.0022644487
0.0068894075,-1.4215544,-0.81028736,-0.7351931,-0.0022644636
0.0054181386,-1.4215544,-0.81028736,-0.7351931,-0.0022644636
0.0043275254,-1.4215544,-0.81028736,-0.7351931,-0.0022644487
0.0035099627,-1.4215544,-0.81028736,-0.7351931,-0.0022644487
0.0028932632,-1.4215544,-0.81028736,-0.7351931,-0.0022644487
0.0024285584,-1.4215544,-0.81028736,-0.7351931,-0.0022644487
0.0020825572,-1.4215544,-0.81028736,-0.7351931,-0.0022644487
0.001832607,-1.4215544,-0.81028736,-0.7351931,-0.0022644487
0.0016635365,-1.4215544,-0.81028736,-0.7351931,-0.0022644487
0.0015656648,-1.4215544,-0.81028736,-0.7351931,-0.0022644487
0.0015336156,-1.4215544,-0.81028736,-0.7351931,-0.0022644487
0.0015656648,-1.4215544,-0.81028736,-0.7351931,-0.0022644487
0.0016635361,-1.4215544,-0.81028736,-0.7351931,-0.0022644487
0.001832607,-1.4215544,-0.81028736,-0.7351931,-0.0022644487
0.0020825572,-1.4215544,-0.81028736,-0.7351931,-0.0022644487
0.0024285584,-1.4215544,-0.81028736,-0.7351931,-0.0022644487
0.0028932632,-1.4215544,-0.81028736,-0.7351931,-0.0022644487
0.0035099627,-1.4215544,-0.81028736,-0.7351931,-0.0022644487
0.0043275235,-1.4215544,-0.81028736,-0.7351931,-0.0022644487
0.0054181535,-1.4215544,-0.81028736,-0.7351931,-0.0022644487
0.0068894196,-1.4215544,-0.81028736,-0.7351931,-0.0022644487
0.008902388,-1.4215544,-0.81028736,-0.7351931,-0.0022644487
0.011696619,-1.4215544,-0.81028736,-0.7351931,-0.0022644487
0.015615876,-1.4215544,-0.81028736,-0.7351931,-0.0022644487
0.02110023,-1.4215544,-0.81028736,-0.7351931,-0.0022644487
0.028524276,-1.4215544,-0.81028736,-0.7351931,-0.0022644487
0.037593335,-1.4215544,-0.81028736,-0.7351931,-0.0022644487
0.046130836,-1.4215544,-0.81028736,-0.7351931,-0.0022644487
0.049843043,-1.4215544,-0.81028736,-0.7351931,-0.0022644487
0.55246085,-1.1117358,-0.63452065,-0.59885067,0.008524253
0.44852456,-1.1117358,-0.63452065,-0.59885067,0.008524253
0.2811405,-1.1117358,-0.63452065,-0.59885067,0.008524253
0.16827649,-1.1117358,-0.63452065,-0.59885067,0.008524264
0.105395205,-1.1117358,-0.63452065,-0.59885067,0.008524264
0.07074776,-1.1117358,-0.63452065,-0.59885067,0.008524253
0.050913952,-1.1117358,-0.63452065,-0.59885067,0.008524253
0.03898819,-1.1117358,-0.63452065,-0.59885067,0.008524253
0.031464323,-1.1117358,-0.63452065,-0.59885067,0.008524253
0.026509754,-1.1117358,-0.63452065,-0.59885067,0.008524253
0.02312719,-1.1117358,-0.63452065,-0.59885067,0.008524253
0.020750958,-1.1117358,-0.63452065,-0.59885067,0.008524253
0.01904761,-1.1117358,-0.63452065,-0.59885067,0.008524253
0.017813941,-1.1117358,-0.63452065,-0.59885067,0.008524253
0.016922798,-1.1117358,-0.63452065,-0.59885067,0.008524253
0.016293356,-1.1117358,-0.63452065,-0.59885067,0.008524253
0.015874289,-1.1117358,-0.63452065,-0.59885067,0.008524253
0.01563415,-1.1117358,-0.63452065,-0.59885067,0.008524253
0.015555901,-1.1117358,-0.63452065,-0.59885067,0.008524253
0.01563415,-1.1117358,-0.63452065,-0.59885067,0.008524253
0.015874289,-1.1117358,-0.63452065,-0.59885067,0.008524253
0.016293354,-1.1117358,-0.63452065,-0.59885067,0.008524253
0.016922798,-1.1117358,-0.63452065,-0.59885067,0.008524253
0.017813941,-1.1117358,-0.63452065,-0.59885067,0.008524253
0.01904761,-1.1117358,-0.63452065,-0.59885067,0.008524253
0.020750955,-1.1117358,-0.63452065,-0.59885067,0.008524253
0.023127187,-1.1117358,-0.63452065,-0.59885067,0.008524253
0.02650975,-1.1117358,-0.63452065,-0.59885067,0.008524253
0.031464312,-1.1117358,-0.63452065,-0.59885067,0.008524253
0.03898817,-1.1117358,-0.63452065,-0.59885067,0.008524253
0.05091393,-1.1117358,-0.63452065,-0.59885067,0.008524253
0.070747755,-1.1117358,-0.63452065,-0.59885067,0.008524253
0.105395116,-1.1117358,-0.63452065,-0.59885067,0.008524253
0.16827638,-1.1117358,-0.63452065,-0.59885067,0.008524253
0.28114,-1.1117358,-0.63452065,-0.59885067,0.008524253
0.4485238,-1.1117358,-0.63452065,-0.59885067,0.008524264
0.55246085,-1.1117358,-0.63452065,-0.59885067,0.008524264
0.03618671,-1.0905868,-0.6067636,-0.59058475,-0.003367184
0.035293326,-1.0905868,-0.6067636,-0.59058475,-0.003367184
0.032834485,-1.0905868,-0.6067636,-0.59058475,-0.003367184
0.029351884,-1.0905868,-0.6067636,-0.59058475,-0.003367184
0.025451897,-1.0905868,-0.6067636,-0.59058475,-0.003367184
0.021608047,-1.0905868,-0.6067636,-0.59058475,-0.003367184
0.018099809,-1.0905868,-0.6067636,-0.59058475,-0.003367184
0.015045041,-1.0905868,-0.6067636,-0.59058475,-0.003367184
0.012460064,-1.0905868,-0.6067636,-0.59058475,-0.003367184
0.01031035,-1.0905868,-0.6067636,-0.59058475,-0.003367184
0.0085427,-1.0905868,-0.6067636,-0.59058475,-0.003367184
0.0071023023,-1.0905868,-0.6067636,-0.59058475,-0.003367184
0.00594032,-1.0905868,-0.6067636,-0.59058475,-0.003367184
0.0050163763,-1.0905868,-0.6067636,-0.59058475,-0.003367184
0.004298632,-1.0905868,-0.6067636,-0.59058475,-0.003367184
0.0037629844,-1.0905868,-0.6067636,-0.59058475,-0.003367184
0.003391973,-1.0905868,-0.6067636,-0.59058475,-0.003367184
0.0031738614,-1.0905868,-0.6067636,-0.59058475,-0.003367184
0.0031018916,-1.0905868,-0.6067636,-0.59058475,-0.003367184
0.0031738614,-1.0905868,-0.6067636,-0.59058475,-0.003367184
0.003391973,-1.0905868,-0.6067636,-0.59058475,-0.003367184
0.0037629826,-1.0905868,-0.6067636,-0.59058475,-0.003367184
0.004298631,-1.0905868,-0.6067636,-0.59058475,-0.003367184
0.0050163763,-1.0905868,-0.6067636,-0.59058475,-0.003367184
0.00594032,-1.0905868,-0.6067636,-0.59058475,-0.003367184
0.0071023023,-1.0905868,-0.6067636,-0.59058475,-0.003367184
0.008542694,-1.0905868,-0.6067636,-0.59058475,-0.003367184
0.010310351,-1.0905868,-0.6067636,-0.59058475,-0.003367184
0.012460064,-1.0905868,-0.6067636,-0.59058475,-0.003367184
0.015045034,-1.0905868,-0.6067636,-0.59058475,-0.003367184
0.018099805,-1.0905868,-0.6067637,-0.5905847,-0.0033671784
0.021608043,-1.0905868,-0.6067637,-0.5905847,-0.0033671784
0.025451886,-1.0905868,-0.6067636,-0.59058475,-0.003367184
0.02935187,-1.0905868,-0.6067636,-0.59058475,-0.003367184
0.03283447,-1.0905868,-0.6067636,-0.59058475,-0.003367184
0.03529332,-1.0905868,-0.6067636,-0.59058475,-0.003367184
0.03618671,-1.0905868,-0.6067636,-0.59058475,-0.003367184
0.07080065,-1.3677192,-0.77986115,-0.6959557,0.0056439983
0.06764451,-1.3677192,-0.77986115,-0.6959557,0.0056439983
0.05973767,-1.3677192,-0.77986115,-0.6959557,0.0056439983
0.0501827,-1.3677192,-0.77986115,-0.6959557,0.0056439983
0.041289847,-1.3677192,-0.77986115,-0.6959557,0.0056439983
0.033985663,-1.3677192,-0.77986115,-0.6959557,0.0056439983
0.028331604,-1.3677192,-0.77986115,-0.6959557,0.0056439983
0.024062186,-1.3677192,-0.77986115,-0.6959557,0.0056439983
0.02086071,-1.3677192,-0.77986115,-0.6959557,0.0056439983
0.018455949,-1.3677192,-0.77986115,-0.6959557,0.0056439983
0.016640656,-1.3677192,-0.77986115,-0.6959557,0.0056439983
0.015263822,-1.3677192,-0.77986115,-0.6959557,0.0056439983
0.014217672,-1.3677192,-0.77986115,-0.6959557,0.0056439983
0.013425977,-1.3677192,-0.77986115,-0.6959557,0.0056439983
0.012835134,-1.3677192,-0.77986115,-0.6959557,0.0056439983
0.01240783,-1.3677192,-0.77986115,-0.6959557,0.0056439983
0.012118656,-1.3677192,-0.77986115,-0.6959557,0.0056439983
0.011951241,-1.3677192,-0.77986115,-0.6959557,0.0056439983
0.011896419,-1.3677192,-0.77986115,-0.6959557,0.0056439983
0.011951241,-1.3677192,-0.77986115,-0.6959557,0.0056439983
0.012118656,-1.3677192,-0.77986115,-0.6959557,0.0056439983
0.01240783,-1.3677192,-0.77986115,-0.6959557,0.0056439983
0.012835134,-1.3677192,-0.77986115,-0.6959557,0.0056439983
0.013425977,-1.3677192,-0.77986115,-0.6959557,0.0056439983
0.014217672,-1.3677192,-0.77986115,-0.6959557,0.0056439983
0.015263823,-1.3677192,-0.7798612,-0.69595563,0.005644
0.016640656,-1.3677192,-0.7798612,-0.69595563,0.005644
0.018455949,-1.3677192,-0.77986115,-0.6959557,0.0056439983
0.020860706,-1.3677192,-0.77986115,-0.6959557,0.0056439983
0.024062186,-1.3677192,-0.77986115,-0.6959557,0.0056439983
0.028331589,-1.3677192,-0.77986115,-0.6959557,0.0056439983
0.033985663,-1.3677192,-0.77986115,-0.6959557,0.0056439983
0.041289836,-1.3677192,-0.77986115,-0.6959557,0.0056439983
0.050182663,-1.3677192,-0.77986115,-0.6959557,0.0056439983
0.05973768,-1.3677192,-0.77986115,-0.6959557,0.0056439983
0.06764444,-1.3677192,-0.77986115,-0.6959557,0.0056439983
0.07080065,-1.3677192,-0.77986115,-0.6959557,0.0056439983
0.3665472,-1.4209372,-0.8198379,-0.7282539,0.0074558305
0.28331465,-1.4209372,-0.8198379,-0.7282539,0.0074558305
0.16882169,-1.4209372,-0.8198379,-0.7282539,0.0074558305
0.101511784,-1.4209372,-0.8198379,-0.7282539,0.0074558305
0.06600209,-1.4209372,-0.8198379,-0.7282539,0.0074558305
0.046454404,-1.4209372,-0.8198379,-0.7282539,0.0074558305
0.035000477,-1.4209372,-0.8198379,-0.7282539,0.0074558305
0.027899846,-1.4209372,-0.8198379,-0.7282539,0.0074558305
0.023286361,-1.4209372,-0.8198379,-0.7282539,0.0074558305
0.020171974,-1.4209372,-0.8198379,-0.7282539,0.0074558305
0.01800438,-1.4209372,-0.8198379,-0.7282539,0.0074558305
0.016460277,-1.4209372,-0.8198379,-0.7282539,0.0074558305
0.015342968,-1.4209372,-0.8198379,-0.7282539,0.0074558305
0.0145290345,-1.4209372,-0.8198379,-0.7282539,0.0074558305
0.013939224,-1.4209372,-0.8198379,-0.7282539,0.0074558305
0.013522041,-1.4209372,-0.8198379,-0.7282539,0.0074558305
0.013244189,-1.4209372,-0.8198379,-0.7282539,0.0074558305
0.01308498,-1.4209372,-0.8198379,-0.7282539,0.0074558305
0.0130331125,-1.4209372,-0.8198379,-0.7282539,0.0074558305
0.01308498,-1.4209372,-0.8198379,-0.7282539,0.0074558305
0.013244182,-1.4209372,-0.8198379,-0.7282539,0.007455823
0.013522033,-1.4209372,-0.8198379,-0.7282539,0.007455823
0.013939222,-1.4209372,-0.8198379,-0.7282539,0.0074558305
0.0145290345,-1.4209372,-0.8198379,-0.7282539,0.0074558305
0.015342968,-1.4209372,-0.8198379,-0.7282539,0.0074558305
0.016460277,-1.4209372,-0.8198379,-0.7282539,0.0074558305
0.01800438,-1.4209372,-0.8198379,-0.7282539,0.0074558305
0.020171974,-1.4209372,-0.8198379,-0.7282539,0.0074558305
0.023286358,-1.4209372,-0.8198379,-0.7282539,0.0074558305
0.027899839,-1.4209372,-0.8198379,-0.7282539,0.0074558305
0.03500047,-1.4209372,-0.8198379,-0.7282539,0.0074558305
0.04645436,-1.4209372,-0.8198379,-0.7282539,0.0074558305
0.06600206,-1.4209372,-0.8198379,-0.7282539,0.0074558305
0.10151179,-1.4209372,-0.8198379,-0.7282539,0.0074558305
0.16882144,-1.4209372,-0.8198379,-0.7282539,0.0074558305
0.28331468,-1.4209372,-0.8198379,-0.7282539,0.0074558305
0.3665472,-1.4209372,-0.8198379,-0.7282539,0.0074558305
0.010628683,-1.8710576,-1.0684867,-0.9182648,-0.0010030672
0.010317211,-1.8710576,-1.0684867,-0.9182648,-0.0010030672
0.009490765,-1.8710576,-1.0684867,-0.9182648,-0.0010030672
0.008390649,-1.8710576,-1.0684867,-0.9182648,-0.0010030672
0.0072442414,-1.8710576,-1.0684867,-0.9182648,-0.0010030672
0.006189732,-1.8710576,-1.0684867,-0.9182648,-0.0010030672
0.0052824263,-1.8710576,-1.0684867,-0.9182648,-0.0010030672
0.004528491,-1.8710576,-1.0684867,-0.9182648,-0.0010030672
0.0039126864,-1.8710576,-1.0684867,-0.9182648,-0.0010030672
0.0034137953,-1.8710576,-1.0684867,-0.9182648,-0.0010030672
0.0030114006,-1.8710576,-1.0684867,-0.9182648,-0.0010030672
0.0026881935,-1.8710576,-1.0684867,-0.9182648,-0.0010030672
0.0024303177,-1.8710576,-1.0684867,-0.9182648,-0.0010030672
0.0022270416,-1.8710576,-1.0684867,-0.9182648,-0.0010030672
0.0020702223,-1.8710576,-1.0684867,-0.9182648,-0.0010030672
0.0019538428,-1.8710579,-1.0684867,-0.9182647,-0.0010030523
0.0018735561,-1.8710579,-1.0684867,-0.9182647,-0.0010030523
0.0018264716,-1.8710576,-1.0684867,-0.9182648,-0.0010030672
0.0018109628,-1.8710576,-1.0684867,-0.9182648,-0.0010030672
0.0018264716,-1.8710576,-1.0684867,-0.9182648,-0.0010030672
0.0018735412,-1.8710576,-1.0684867,-0.9182648,-0.0010030672
0.0019538275,-1.8710576,-1.0684867,-0.9182648,-0.0010030672
0.0020702223,-1.8710576,-1.0684867,-0.9182648,-0.0010030672
0.0022270416,-1.8710576,-1.0684867,-0.9182648,-0.0010030672
0.0024303177,-1.8710576,-1.0684867,-0.9182648,-0.0010030672
0.0026881935,-1.8710576,-1.0684867,-0.9182648,-0.0010030672
0.0030114006,-1.8710576,-1.0684867,-0.9182648,-0.0010030672
0.0034137953,-1.8710576,-1.0684867,-0.9182648,-0.0010030672
0.0039126845,-1.8710576,-1.0684867,-0.9182648,-0.0010030672
0.004528489,-1.8710576,-1.0684867,-0.9182648,-0.0010030672
0.0052824225,-1.8710576,-1.0684867,-0.9182648,-0.0010030672
0.006189729,-1.8710576,-1.0684867,-0.9182648,-0.0010030672
0.007244236,-1.8710576,-1.0684867,-0.9182648,-0.0010030672
0.0083906455,-1.8710576,-1.0684867,-0.9182648,-0.0010030672
0.009490767,-1.8710576,-1.0684867,-0.9182648,-0.0010030672
0.010317213,-1.8710576,-1.0684867,-0.9182648,-0.0010030672
0.010628683,-1.8710576,-1.0684867,-0.9182648,-0.0010030672
2.094678,-1.0247225,-0.59078157,-0.55035335,0.027482525
1.5094664,-1.0247225,-0.59078157,-0.55035335,0.027482525
0.7964604,-1.0247225,-0.59078157,-0.55035335,0.027482525
0.42726064,-1.0247225,-0.59078157,-0.55035335,0.027482525
0.25158703,-1.0247225,-0.59078157,-0.55035335,0.027482525
0.1634064,-1.0247225,-0.59078157,-0.55035335,0.027482525
0.11595402,-1.0247225,-0.59078157,-0.55035335,0.027482525
0.088713035,-1.0247225,-0.59078157,-0.55035335,0.027482525
0.07216567,-1.0247225,-0.59078157,-0.55035335,0.027482525
0.061618224,-1.0247225,-0.59078157,-0.55035335,0.027482525
0.05462081,-1.0247223,-0.59078157,-0.55035335,0.027482523
0.049828265,-1.0247223,-0.59078157,-0.55035335,0.027482523
0.04646851,-1.0247225,-0.59078157,-0.55035335,0.027482525
0.0440815,-1.0247225,-0.59078157,-0.55035335,0.027482525
0.04238489,-1.0247225,-0.59078157,-0.55035335,0.027482525
0.04120203,-1.0247225,-0.59078157,-0.55035335,0.027482525
0.040422227,-1.0247225,-0.59078157,-0.55035335,0.027482525
0.039978303,-1.0247225,-0.59078157,-0.55035335,0.027482525
0.03983413,-1.0247225,-0.59078157,-0.55035335,0.027482525
0.039978303,-1.0247225,-0.59078157,-0.55035335,0.027482525
0.040422224,-1.0247225,-0.59078157,-0.55035335,0.027482525
0.04120203,-1.0247225,-0.59078157,-0.55035335,0.027482525
0.042384885,-1.0247225,-0.59078157,-0.55035335,0.027482525
0.0440815,-1.0247225,-0.59078157,-0.55035335,0.027482525
0.04646851,-1.0247225,-0.59078157,-0.55035335,0.027482525
0.049828265,-1.0247225,-0.59078157,-0.55035335,0.027482525
0.054620814,-1.0247225,-0.59078157,-0.55035335,0.027482525
0.061618216,-1.0247225,-0.59078157,-0.55035335,0.027482525
0.07216564,-1.0247225,-0.59078157,-0.55035335,0.027482525
0.08871302,-1.0247225,-0.59078157,-0.55035335,0.027482525
0.115953974,-1.0247225,-0.59078157,-0.55035335,0.027482525
0.16340633,-1.0247225,-0.59078157,-0.55035335,0.027482525
0.25158697,-1.0247225,-0.59078157,-0.55035335,0.027482525
0.42726064,-1.0247225,-0.59078157,-0.55035335,0.027482525
0.79645836,-1.0247225,-0.59078157,-0.55035335,0.027482525
1.5094643,-1.0247225,-0.59078157,-0.55035335,0.027482525
2.094678,-1.0247225,-0.59078157,-0.55035335,0.027482525
0.01987873,-1.4088379,-0.7826042,-0.7516306,0.017248979
0.019901253,-1.4088379,-0.7826042,-0.7516306,0.017248979
0.019958284,-1.4088379,-0.7826042,-0.7516306,0.017248979
0.020024285,-1.4088379,-0.7826042,-0.7516306,0.017248979
0.02007186,-1.4088379,-0.7826042,-0.7516306,0.017248979
0.020082623,-1.4088379,-0.7826042,-0.7516306,0.017248977
0.02005068,-1.4088379,-0.7826042,-0.7516306,0.017248977
0.019980224,-1.4088379,-0.7826042,-0.7516306,0.017248979
0.019880937,-1.4088379,-0.7826042,-0.7516306,0.017248979
0.019764075,-1.4088379,-0.7826042,-0.7516306,0.017248979
0.019640038,-1.4088379,-0.7826042,-0.7516306,0.017248979
0.019517332,-1.4088379,-0.7826042,-0.7516306,0.017248979
0.019402396,-1.4088379,-0.7826042,-0.7516306,0.017248979
0.019299852,-1.4088379,-0.7826042,-0.7516306,0.017248979
0.019212872,-1.4088379,-0.7826042,-0.7516306,0.017248979
0.019143563,-1.4088379,-0.7826042,-0.7516306,0.017248979
0.019093275,-1.4088379,-0.7826042,-0.7516306,0.017248979
0.019062815,-1.4088379,-0.7826042,-0.7516306,0.017248979
0.019052617,-1.4088379,-0.7826042,-0.7516306,0.017248979
0.019062815,-1.4088379,-0.7826042,-0.7516306,0.017248979
0.019093275,-1.4088379,-0.7826042,-0.7516306,0.017248979
0.019143563,-1.4088379,-0.7826042,-0.7516306,0.017248979
0.019212872,-1.4088379,-0.7826042,-0.7516306,0.017248979
0.019299852,-1.4088379,-0.7826042,-0.7516306,0.017248979
0.019402396,-1.4088379,-0.7826042,-0.7516306,0.017248979
0.019517332,-1.4088379,-0.7826042,-0.7516306,0.017248979
0.01964004,-1.4088379,-0.7826042,-0.7516306,0.017248979
0.019764077,-1.4088379,-0.7826042,-0.7516306,0.017248979
0.019880937,-1.4088379,-0.7826042,-0.7516306,0.017248979
0.019980224,-1.4088379,-0.7826042,-0.7516306,0.017248979
0.020050682,-1.4088379,-0.7826042,-0.7516306,0.017248979
0.02008262,-1.4088379,-0.7826042,-0.7516306,0.017248979
0.020071859,-1.4088379,-0.7826042,-0.7516306,0.017248979
0.020024285,-1.4088379,-0.7826042,-0.7516306,0.017248979
0.019958287,-1.4088379,-0.7826042,-0.7516306,0.017248979
0.019901253,-1.4088379,-0.7826042,-0.7516306,0.017248979
0.01987873,-1.4088379,-0.7826042,-0.7516306,0.017248979
0.017841982,-1.4070727,-0.7908676,-0.7436202,-0.0006291189
0.017082652,-1.4070727,-0.7908676,-0.7436202,-0.0006291189
0.015173572,-1.4070727,-0.7908676,-0.7436202,-0.00062912446
0.0128394775,-1.4070727,-0.7908676,-0.7436202,-0.00062912446
0.010615043,-1.4070727,-0.7908676,-0.7436202,-0.00062912446
0.008721788,-1.4070727,-0.7908676,-0.7436202,-0.00062912446
0.0071899453,-1.4070727,-0.7908676,-0.7436202,-0.00062912446
0.005975412,-1.4070727,-0.7908676,-0.7436202,-0.00062912446
0.0050181895,-1.4070727,-0.7908676,-0.7436202,-0.00062912446
0.00426366,-1.4070727,-0.7908676,-0.7436202,-0.00062912446
0.0036678629,-1.4070727,-0.7908676,-0.7436202,-0.00062912446
0.0031971477,-1.4070727,-0.7908676,-0.7436202,-0.00062912446
0.002826358,-1.4070727,-0.7908676,-0.7436202,-0.00062912446
0.002536914,-1.4070727,-0.7908676,-0.7436202,-0.00062912446
0.002315244,-1.4070727,-0.7908676,-0.7436202,-0.00062912446
0.0021515822,-1.4070727,-0.7908676,-0.7436202,-0.00062912446
0.0020390998,-1.4070727,-0.7908676,-0.7436202,-0.00062912446
0.0019733056,-1.4070727,-0.7908676,-0.7436202,-0.00062912446
0.0019516498,-1.4070727,-0.7908676,-0.7436202,-0.00062912446
0.0019733056,-1.4070727,-0.7908676,-0.7436202,-0.00062912446
0.002039099,-1.4070727,-0.7908676,-0.7436202,-0.00062912446
0.0021515826,-1.4070727,-0.7908676,-0.7436202,-0.00062912446
0.002315244,-1.4070727,-0.7908676,-0.7436202,-0.00062912446
0.002536914,-1.4070727,-0.7908676,-0.7436202,-0.00062912446
0.002826358,-1.4070727,-0.7908676,-0.7436202,-0.00062912446
0.0031971482,-1.4070727,-0.7908676,-0.7436202,-0.00062912446
0.003667862,-1.4070727,-0.7908676,-0.7436202,-0.00062912446
0.00426366,-1.4070727,-0.7908676,-0.7436202,-0.00062912446
0.0050181905,-1.4070727,-0.7908676,-0.7436202,-0.00062912446
0.005975413,-1.4070727,-0.7908676,-0.7436202,-0.00062912446
0.0071899416,-1.4070727,-0.7908676,-0.7436202,-0.00062912446
0.008721785,-1.4070727,-0.7908676,-0.7436202,-0.00062912446
0.010615041,-1.4070727,-0.7908676,-0.7436202,-0.0006291189
0.012839476,-1.4070727,-0.7908676,-0.7436202,-0.0006291189
0.015173576,-1.4070727,-0.7908676,-0.7436202,-0.00062912446
0.017082637,-1.4070727,-0.7908676,-0.7436202,-0.00062912446
0.017841976,-1.4070727,-0.7908676,-0.7436202,-0.00062912446
0.02229366,-1.2323697,-0.6759811,-0.6747657,0.017573766
0.022297038,-1.2323697,-0.6759811,-0.6747657,0.017573766
0.022296581,-1.2323697,-0.6759811,-0.6747657,0.017573766
0.022267513,-1.2323697,-0.6759811,-0.6747657,0.017573766
0.02218581,-1.2323697,-0.6759811,-0.6747657,0.017573766
0.022039741,-1.2323697,-0.6759811,-0.6747657,0.017573766
0.021832539,-1.2323697,-0.6759811,-0.6747657,0.017573766
0.021578163,-1.2323697,-0.6759811,-0.6747657,0.017573766
0.021295164,-1.2323697,-0.6759811,-0.6747657,0.017573766
0.021001872,-1.2323697,-0.6759811,-0.6747657,0.017573766
0.020713808,-1.2323697,-0.6759811,-0.6747657,0.017573766
0.020442909,-1.2323697,-0.6759811,-0.6747657,0.017573766
0.020197738,-1.2323697,-0.6759811,-0.6747657,0.017573766
0.019984141,-1.2323697,-0.6759811,-0.6747657,0.017573766
0.019805947,-1.2323697,-0.6759811,-0.6747657,0.017573766
0.019665577,-1.2323697,-0.6759811,-0.6747657,0.017573766
0.0195645,-1.2323697,-0.6759811,-0.6747657,0.017573766
0.019503567,-1.2323697,-0.6759811,-0.6747657,0.017573766
0.019483214,-1.2323697,-0.6759811,-0.6747657,0.017573766
0.01950357,-1.2323697,-0.6759811,-0.6747657,0.017573766
0.0195645,-1.2323697,-0.6759811,-0.6747657,0.017573766
0.019665577,-1.2323697,-0.6759811,-0.6747657,0.017573766
0.019805945,-1.2323697,-0.6759811,-0.6747657,0.017573766
0.019984141,-1.2323697,-0.6759811,-0.6747657,0.017573766
0.020197738,-1.2323697,-0.6759811,-0.6747657,0.017573766
0.020442909,-1.2323697,-0.6759811,-0.6747657,0.017573766
0.020713808,-1.2323697,-0.6759811,-0.6747657,0.017573766
0.02100186,-1.2323698,-0.6759811,-0.6747657,0.017573757
0.021295156,-1.2323698,-0.6759811,-0.6747657,0.017573757
0.021578161,-1.2323697,-0.6759811,-0.6747657,0.017573766
0.021832539,-1.2323697,-0.6759811,-0.6747657,0.017573766
0.022039745,-1.2323697,-0.6759811,-0.6747657,0.017573766
0.022185804,-1.2323697,-0.6759811,-0.6747657,0.017573766
0.022267513,-1.2323697,-0.6759811,-0.6747657,0.017573766
0.02229658,-1.2323697,-0.6759811,-0.6747657,0.017573766
0.02229704,-1.2323697,-0.6759811,-0.6747657,0.017573766
0.02229366,-1.2323697,-0.6759811,-0.6747657,0.017573766
0.034206368,-1.5445948,-0.8584292,-0.8237408,0.034129724
0.034253728,-1.5445948,-0.8584292,-0.8237408,0.034129724
0.034383632,-1.5445948,-0.8584292,-0.8237408,0.034129724
0.034565184,-1.5445948,-0.8584292,-0.8237408,0.034129724
0.034761697,-1.5445948,-0.8584292,-0.8237408,0.034129724
0.03494267,-1.5445948,-0.8584292,-0.8237408,0.034129724
0.03508965,-1.5445948,-0.8584292,-0.8237408,0.034129724
0.035195995,-1.5445948,-0.8584292,-0.8237408,0.034129724
0.035263512,-1.5445948,-0.8584292,-0.8237408,0.034129724
0.035298545,-1.5445948,-0.8584292,-0.8237408,0.034129724
0.035309024,-1.5445948,-0.8584292,-0.8237408,0.034129724
0.035302665,-1.5445948,-0.8584292,-0.8237408,0.034129724
0.03528613,-1.5445948,-0.8584292,-0.8237408,0.034129724
0.035264764,-1.5445948,-0.8584292,-0.8237408,0.034129724
0.035242654,-1.5445948,-0.8584292,-0.8237408,0.034129724
0.035222784,-1.5445948,-0.8584292,-0.8237408,0.034129724
0.03520725,-1.5445948,-0.8584292,-0.8237408,0.034129724
0.035197414,-1.5445948,-0.8584292,-0.8237408,0.034129724
0.035194058,-1.5445948,-0.8584292,-0.8237408,0.034129724
0.035197414,-1.5445948,-0.8584292,-0.8237408,0.034129724
0.03520725,-1.5445948,-0.8584292,-0.8237408,0.034129724
0.035222784,-1.5445948,-0.8584292,-0.8237408,0.034129724
0.03524266,-1.5445948,-0.85842913,-0.8237408,0.03412973
0.03526477,-1.5445948,-0.85842913,-0.8237408,0.03412973
0.03528613,-1.5445948,-0.8584292,-0.8237408,0.034129724
0.035302665,-1.5445948,-0.8584292,-0.8237408,0.034129724
0.035309024,-1.5445948,-0.8584292,-0.8237408,0.034129724
0.035298545,-1.5445948,-0.8584292,-0.8237408,0.034129724
0.035263512,-1.5445948,-0.8584292,-0.8237408,0.034129724
0.035195995,-1.5445948,-0.8584292,-0.8237408,0.034129724
0.03508965,-1.5445948,-0.8584292,-0.8237408,0.034129724
0.03494267,-1.5445948,-0.8584292,-0.8237408,0.034129724
0.034761697,-1.5445948,-0.8584292,-0.8237408,0.034129724
0.034565184,-1.5445948,-0.8584292,-0.8237408,0.034129724
0.034383632,-1.5445948,-0.8584292,-0.8237408,0.034129724
0.03425373,-1.5445948,-0.8584292,-0.8237408,0.034129724
0.034206368,-1.5445948,-0.8584292,-0.8237408,0.034129724
0.031746484,-1.6865965,-0.9657965,-0.8381632,-0.0025193163
0.029806662,-1.6865965,-0.9657965,-0.8381632,-0.0025193163
0.025148401,-1.6865965,-0.9657965,-0.8381632,-0.0025193163
0.019865949,-1.6865965,-0.9657965,-0.8381632,-0.0025193163
0.015244433,-1.6865965,-0.9657965,-0.8381632,-0.0025193163
0.011626268,-1.6865965,-0.9657965,-0.8381632,-0.0025193163
0.008913244,-1.6865965,-0.9657965,-0.8381632,-0.0025193163
0.0069014346,-1.6865965,-0.9657965,-0.8381632,-0.0025193163
0.005404936,-1.6865965,-0.9657965,-0.8381632,-0.0025193163
0.0042823125,-1.6865965,-0.9657965,-0.8381632,-0.0025193163
0.003432473,-1.6865965,-0.9657965,-0.8381632,-0.0025193163
0.0027846552,-1.6865965,-0.9657965,-0.8381632,-0.0025193163
0.0022895138,-1.6865965,-0.9657965,-0.8381632,-0.0025193163
0.0019125903,-1.6865965,-0.9657965,-0.8381632,-0.0025193163
0.0016297845,-1.6865965,-0.9657965,-0.8381632,-0.0025193163
0.001424338,-1.6865965,-0.9657965,-0.8381632,-0.0025193163
0.0012848263,-1.6865965,-0.9657965,-0.8381632,-0.0025193163
0.0012038467,-1.6865966,-0.9657964,-0.8381632,-0.0025193386
0.0011773051,-1.6865966,-0.9657964,-0.8381632,-0.0025193386
0.0012038688,-1.6865965,-0.9657965,-0.8381632,-0.0025193163
0.0012848265,-1.6865965,-0.9657965,-0.8381632,-0.0025193163
0.0014243384,-1.6865965,-0.9657965,-0.8381632,-0.0025193163
0.0016297849,-1.6865965,-0.9657965,-0.8381632,-0.0025193163
0.0019125903,-1.6865965,-0.9657965,-0.8381632,-0.0025193163
0.0022895138,-1.6865965,-0.9657965,-0.8381632,-0.0025193163
0.0027846547,-1.6865965,-0.9657965,-0.8381632,-0.0025193163
0.003432473,-1.6865965,-0.9657965,-0.8381632,-0.0025193163
0.0042823125,-1.6865965,-0.9657965,-0.8381632,-0.0025193163
0.005404937,-1.6865965,-0.9657965,-0.8381632,-0.0025193163
0.006901431,-1.6865965,-0.9657965,-0.8381632,-0.0025193163
0.008913245,-1.6865965,-0.9657965,-0.8381632,-0.0025193163
0.011626269,-1.6865965,-0.9657965,-0.8381632,-0.0025193163
0.015244435,-1.6865965,-0.9657965,-0.8381632,-0.0025193163
0.019865932,-1.6865965,-0.9657965,-0.8381632,-0.0025193163
0.025148371,-1.6865965,-0.9657965,-0.8381632,-0.0025193163
0.029806662,-1.6865965,-0.9657965,-0.8381632,-0.0025193163
0.031746484,-1.6865965,-0.9657965,-0.8381632,-0.0025193163
0.8362833,-1.0790117,-0.6203246,-0.5751969,0.020865723
0.6831895,-1.0790117,-0.6203246,-0.5751969,0.020865723
0.43482143,-1.0790117,-0.6203246,-0.5751969,0.020865723
0.26529908,-1.0790117,-0.6203246,-0.5751969,0.020865723
0.16956119,-1.0790117,-0.6203246,-0.5751969,0.020865723
0.116196744,-1.0790117,-0.6203246,-0.5751969,0.020865723
0.08542355,-1.0790117,-0.6203246,-0.5751969,0.020865723
0.066873044,-1.0790117,-0.6203246,-0.5751969,0.020865723
0.05518973,-1.0790117,-0.6203246,-0.5751969,0.020865723
0.047534183,-1.0790117,-0.6203246,-0.5751969,0.020865723
0.042344816,-1.0790117,-0.6203246,-0.5751969,0.020865723
0.038729664,-1.0790117,-0.6203246,-0.5751969,0.020865723
0.036160864,-1.0790116,-0.6203247,-0.5751969,0.020865723
0.034316197,-1.0790116,-0.6203247,-0.5751969,0.020865723
0.03299405,-1.0790117,-0.6203246,-0.5751969,0.020865723
0.032066382,-1.0790117,-0.6203246,-0.5751969,0.020865723
0.031452,-1.0790117,-0.6203246,-0.5751969,0.020865723
0.031101197,-1.0790117,-0.6203246,-0.5751969,0.020865723
0.030987099,-1.0790117,-0.6203246,-0.5751969,0.020865723
0.031101197,-1.0790117,-0.6203246,-0.5751969,0.020865723
0.031451996,-1.0790117,-0.6203246,-0.5751969,0.020865723
0.032066382,-1.0790117,-0.6203246,-0.5751969,0.020865723
0.03299405,-1.0790117,-0.6203246,-0.5751969,0.020865723
0.034316197,-1.0790117,-0.6203246,-0.5751969,0.020865723
0.036160864,-1.0790117,-0.6203246,-0.5751969,0.020865723
0.038729668,-1.0790117,-0.6203246,-0.5751969,0.020865723
0.042344816,-1.0790117,-0.6203246,-0.5751969,0.020865723
0.047534186,-1.0790117,-0.6203246,-0.5751969,0.020865723
0.055189706,-1.0790117,-0.6203246,-0.5751969,0.020865723
0.06687303,-1.0790117,-0.6203246,-0.5751969,0.020865723
0.08542352,-1.0790117,-0.6203246,-0.5751969,0.020865723
0.11619672,-1.0790117,-0.6203246,-0.5751969,0.020865723
0.16956106,-1.0790117,-0.6203246,-0.5751969,0.020865723
0.2652991,-1.0790117,-0.6203246,-0.5751969,0.020865723
0.43482077,-1.0790117,-0.6203246,-0.5751969,0.020865723
0.6831896,-1.0790117,-0.6203246,-0.5751969,0.020865723
0.8362833,-1.0790117,-0.6203246,-0.5751969,0.020865723
1.5196856,-2.1571727,-1.2443008,-1.0277051,-0.0041741906
0.62623197,-2.1571727,-1.2443008,-1.0277051,-0.0041741906
0.22600482,-2.1571727,-1.2443008,-1.0277051,-0.0041741906
0.1089998,-2.1571727,-1.2443008,-1.0277051,-0.0041741906
0.06290223,-2.1571727,-1.2443008,-1.0277051,-0.0041741906
0.04055166,-2.1571727,-1.2443008,-1.0277051,-0.0041741906
0.02814477,-2.1571727,-1.2443008,-1.0277051,-0.0041741906
0.020589702,-2.1571727,-1.2443008,-1.0277051,-0.004174168
0.015674856,-2.1571727,-1.2443008,-1.0277051,-0.004174168
0.012319506,-2.1571727,-1.2443008,-1.0277051,-0.0041741906
0.009946628,-2.1571727,-1.2443008,-1.0277051,-0.0041741906
0.008226419,-2.1571727,-1.2443008,-1.0277051,-0.0041741906
0.0069601685,-2.1571727,-1.2443008,-1.0277051,-0.0041741906
0.006023216,-2.1571727,-1.2443008,-1.0277051,-0.0041741906
0.0053350776,-2.1571727,-1.2443008,-1.0277051,-0.0041741906
0.0048430227,-2.1571727,-1.2443008,-1.0277051,-0.0041741906
0.004512595,-2.1571727,-1.2443008,-1.0277051,-0.0041741906
0.004322212,-2.1571727,-1.2443008,-1.0277051,-0.0041741906
0.0042600147,-2.1571727,-1.2443008,-1.0277051,-0.0041741906
0.004322212,-2.1571727,-1.2443008,-1.0277051,-0.0041741906
0.004512595,-2.1571727,-1.2443008,-1.0277051,-0.0041741906
0.0048430227,-2.1571727,-1.2443008,-1.0277051,-0.0041741906
0.0053350776,-2.1571727,-1.2443008,-1.0277051,-0.0041741906
0.006023216,-2.1571727,-1.2443008,-1.0277051,-0.0041741906
0.0069601685,-2.1571727,-1.2443008,-1.0277051,-0.0041741906
0.008226419,-2.1571727,-1.2443008,-1.0277051,-0.0041741906
0.009946628,-2.1571727,-1.2443008,-1.0277051,-0.0041741906
0.012319506,-2.1571727,-1.2443008,-1.0277051,-0.0041741906
0.015674833,-2.1571727,-1.2443008,-1.0277051,-0.0041741906
0.020589635,-2.1571727,-1.2443008,-1.0277051,-0.0041741906
0.02814477,-2.1571727,-1.2443008,-1.0277051,-0.0041741906
0.040551662,-2.1571727,-1.2443008,-1.0277051,-0.0041741906
0.06290223,-2.1571727,-1.2443008,-1.0277051,-0.0041741906
0.10899981,-2.1571727,-1.2443008,-1.0277051,-0.0041741906
0.22600484,-2.1571727,-1.2443008,-1.0277051,-0.0041741906
0.62623197,-2.1571727,-1.2443008,-1.0277051,-0.0041741906
1.5196856,-2.1571727,-1.2443008,-1.0277051,-0.0041741906
0.035531428,-1.475236,-0.81752443,-0.7925394,0.03536636
0.0355629,-1.475236,-0.81752443,-0.7925394,0.03536636
0.0356509,-1.4752362,-0.81752443,-0.7925394,0.035366368
0.035778508,-1.4752362,-0.81752443,-0.7925394,0.035366368
0.03592403,-1.475236,-0.81752443,-0.7925394,0.03536636
0.036067143,-1.475236,-0.81752443,-0.7925394,0.03536636
0.036192942,-1.475236,-0.81752443,-0.7925394,0.03536636
0.03629325,-1.475236,-0.81752443,-0.7925394,0.03536636
0.03636581,-1.475236,-0.81752443,-0.7925394,0.03536636
0.036412533,-1.475236,-0.81752443,-0.7925394,0.03536636
0.036437634,-1.475236,-0.81752443,-0.7925394,0.03536636
0.036446247,-1.475236,-0.81752443,-0.7925394,0.03536636
0.036443464,-1.475236,-0.81752443,-0.7925394,0.03536636
0.03643383,-1.475236,-0.81752443,-0.7925394,0.03536636
0.036421143,-1.475236,-0.81752443,-0.7925394,0.03536636
0.036408376,-1.475236,-0.81752443,-0.7925394,0.03536636
0.03639776,-1.475236,-0.81752443,-0.7925394,0.03536636
0.0363908,-1.475236,-0.81752443,-0.7925394,0.03536636
0.036388382,-1.475236,-0.81752443,-0.7925394,0.03536636
0.0363908,-1.475236,-0.81752443,-0.7925394,0.03536636
0.03639776,-1.475236,-0.81752443,-0.7925394,0.03536636
0.036408376,-1.475236,-0.81752443,-0.7925394,0.03536636
0.036421143,-1.475236,-0.81752443,-0.7925394,0.03536636
0.03643383,-1.475236,-0.81752443,-0.7925394,0.03536636
0.036443464,-1.475236,-0.81752443,-0.7925394,0.03536636
0.03644625,-1.475236,-0.81752443,-0.7925394,0.03536636
0.036437634,-1.475236,-0.81752443,-0.7925394,0.03536636
0.036412533,-1.475236,-0.81752443,-0.7925394,0.03536636
0.03636581,-1.475236,-0.81752443,-0.7925394,0.03536636
0.03629325,-1.475236,-0.81752443,-0.7925394,0.03536636
0.036192942,-1.475236,-0.81752443,-0.7925394,0.03536636
0.036067143,-1.475236,-0.81752443,-0.7925394,0.03536636
0.03592403,-1.475236,-0.81752443,-0.7925394,0.03536636
0.0357785,-1.475236,-0.81752443,-0.7925394,0.03536636
0.0356509,-1.4752362,-0.81752443,-0.7925394,0.035366368
0.035562906,-1.4752362,-0.81752443,-0.7925394,0.035366368
0.035531428,-1.475236,-0.81752443,-0.7925394,0.03536636
0.018754013,-1.1468968,-0.6464354,-0.6201716,-0.00387269
0.017802024,-1.1468968,-0.6464354,-0.6201716,-0.00387269
0.015403354,-1.1468968,-0.6464354,-0.6201716,-0.00387269
0.012457884,-1.1468968,-0.6464354,-0.6201716,-0.00387269
0.00963818,-1.1468968,-0.6464354,-0.6201716,-0.00387269
0.0072333543,-1.1468968,-0.6464354,-0.6201716,-0.00387269
0.0052900575,-1.1468968,-0.6464354,-0.6201716,-0.00387269
0.0037550682,-1.1468968,-0.6464354,-0.6201716,-0.00387269
0.002551074,-1.1468968,-0.6464354,-0.6201716,-0.00387269
0.0016064064,-1.1468968,-0.6464354,-0.6201716,-0.00387269
0.0008632166,-1.1468968,-0.6464354,-0.6201716,-0.00387269
0.0002774808,-1.1468968,-0.6464354,-0.6201716,-0.00387269
-0.00018336624,-1.1468968,-0.6464354,-0.6201716,-0.00387269
-0.0005430584,-1.1468968,-0.6464354,-0.6201716,-0.00387269
-0.00081868935,-1.1468968,-0.6464354,-0.6201716,-0.00387269
-0.0010223894,-1.1468968,-0.6464354,-0.6201716,-0.00387269
-0.0011625353,-1.1468968,-0.6464354,-0.6201716,-0.00387269
-0.0012445806,-1.1468968,-0.6464354,-0.6201716,-0.00387269
-0.0012715997,-1.1468968,-0.6464354,-0.6201716,-0.00387269
-0.0012445806,-1.1468968,-0.6464354,-0.6201716,-0.00387269
-0.001162535,-1.1468968,-0.6464354,-0.6201716,-0.00387269
-0.0010223894,-1.1468968,-0.6464354,-0.6201716,-0.00387269
-0.0008186891,-1.1468968,-0.6464354,-0.6201716,-0.00387269
-0.0005430584,-1.1468968,-0.6464354,-0.6201716,-0.00387269
-0.00018336624,-1.1468968,-0.6464354,-0.6201716,-0.00387269
0.00027748127,-1.1468968,-0.6464354,-0.6201716,-0.00387269
0.00086321705,-1.1468968,-0.6464354,-0.6201716,-0.00387269
0.0016064069,-1.1468968,-0.6464354,-0.6201716,-0.00387269
0.0025510758,-1.1468968,-0.6464354,-0.6201716,-0.00387269
0.0037550775,-1.1468968,-0.6464353,-0.6201716,-0.003872678
0.0052900678,-1.1468968,-0.6464353,-0.6201716,-0.003872678
0.0072333543,-1.1468968,-0.6464354,-0.6201716,-0.00387269
0.009638171,-1.1468968,-0.6464354,-0.6201716,-0.00387269
0.012457878,-1.1468968,-0.6464354,-0.6201716,-0.00387269
0.015403342,-1.1468968,-0.6464354,-0.6201716,-0.00387269
0.01780201,-1.1468968,-0.6464354,-0.6201716,-0.00387269
0.018754013,-1.1468968,-0.6464354,-0.6201716,-0.00387269
0.3178108,-1.2922071,-0.75329924,-0.6433427,0.047660876
0.29253805,-1.2922071,-0.75329924,-0.6433427,0.047660876
0.23771116,-1.2922071,-0.75329924,-0.6433427,0.047660876
0.18422733,-1.2922071,-0.75329924,-0.6433427,0.047660876
0.1439901,-1.2922071,-0.75329924,-0.6433427,0.047660876
0.11640434,-1.2922071,-0.75329924,-0.6433427,0.047660876
0.09794469,-1.2922071,-0.75329924,-0.6433427,0.047660876
0.0855417,-1.2922071,-0.75329924,-0.6433427,0.047660876
0.07708134,-1.2922071,-0.75329924,-0.6433427,0.047660876
0.07120281,-1.2922071,-0.75329924,-0.6433427,0.047660876
0.06704395,-1.2922071,-0.75329924,-0.6433427,0.047660876
0.064056344,-1.2922071,-0.75329924,-0.6433427,0.047660876
0.061887078,-1.2922071,-0.75329924,-0.6433427,0.047660876
0.060306113,-1.2922071,-0.75329924,-0.6433427,0.047660876
0.059161842,-1.2922071,-0.75329924,-0.6433427,0.047660876
0.058353983,-1.2922071,-0.75329924,-0.6433427,0.047660876
0.057816952,-1.2922071,-0.75329924,-0.6433427,0.047660876
0.057509694,-1.2922071,-0.75329924,-0.6433427,0.047660876
0.05740967,-1.2922071,-0.75329924,-0.6433427,0.047660876
0.057509694,-1.2922071,-0.75329924,-0.6433427,0.047660876
0.05781695,-1.2922071,-0.75329924,-0.6433427,0.047660876
0.05835398,-1.2922071,-0.75329924,-0.6433427,0.047660876
0.05916184,-1.2922071,-0.75329924,-0.6433427,0.047660876
0.060306113,-1.2922071,-0.75329924,-0.6433427,0.047660876
0.06188707,-1.2922071,-0.7532993,-0.6433427,0.04766087
0.06405634,-1.2922071,-0.7532993,-0.6433427,0.04766087
0.06704395,-1.2922071,-0.75329924,-0.6433427,0.047660876
0.07120281,-1.2922071,-0.75329924,-0.6433427,0.047660876
0.07708132,-1.2922071,-0.75329924,-0.6433427,0.047660876
0.08554168,-1.2922071,-0.75329924,-0.6433427,0.047660876
0.09794466,-1.2922071,-0.75329924,-0.6433427,0.047660876
0.116404295,-1.2922071,-0.75329924,-0.6433427,0.047660876
0.14399008,-1.2922071,-0.75329924,-0.6433427,0.047660876
0.18422733,-1.2922071,-0.75329924,-0.6433427,0.047660876
0.2377109,-1.2922071,-0.75329924,-0.6433427,0.047660876
0.29253784,-1.2922071,-0.75329924,-0.6433427,0.047660876
0.3178108,-1.2922071,-0.75329924,-0.6433427,0.047660876
0.04546339,-1.302913,-0.74896514,-0.6778421,0.0077641243
0.042639133,-1.302913,-0.74896514,-0.6778421,0.0077641243
0.036216155,-1.302913,-0.74896514,-0.6778421,0.0077641243
0.029513761,-1.302913,-0.74896514,-0.6778421,0.0077641243
0.024131004,-1.302913,-0.74896514,-0.6778421,0.0077641243
0.020221477,-1.302913,-0.74896514,-0.6778421,0.0077641243
0.017464332,-1.302913,-0.74896514,-0.6778421,0.0077641243
0.015516712,-1.302913,-0.74896514,-0.6778421,0.0077641243
0.0141216675,-1.302913,-0.74896514,-0.6778421,0.0077641243
0.013105068,-1.302913,-0.74896514,-0.6778421,0.0077641243
0.01235223,-1.302913,-0.74896514,-0.6778421,0.0077641243
0.011787705,-1.302913,-0.74896514,-0.6778421,0.0077641243
0.011361405,-1.302913,-0.74896514,-0.6778421,0.0077641243
0.011039689,-1.302913,-0.74896514,-0.6778421,0.0077641243
0.01079977,-1.302913,-0.74896514,-0.6778421,0.0077641243
0.010626197,-1.302913,-0.74896514,-0.6778421,0.0077641243
0.0105086425,-1.302913,-0.74896514,-0.6778421,0.0077641243
0.010440534,-1.302913,-0.74896514,-0.6778421,0.0077641243
0.010418221,-1.302913,-0.74896514,-0.6778421,0.0077641243
0.01044054,-1.302913,-0.74896514,-0.677842,0.00776413
0.010508648,-1.302913,-0.74896514,-0.677842,0.00776413
0.010626195,-1.302913,-0.74896514,-0.6778421,0.0077641243
0.010799769,-1.302913,-0.74896514,-0.6778421,0.0077641243
0.011039689,-1.302913,-0.74896514,-0.6778421,0.0077641243
0.011361405,-1.302913,-0.74896514,-0.6778421,0.0077641243
0.011787704,-1.302913,-0.74896514,-0.6778421,0.0077641243
0.01235223,-1.302913,-0.74896514,-0.6778421,0.0077641243
0.013105068,-1.302913,-0.74896514,-0.6778421,0.0077641243
0.014121664,-1.302913,-0.74896514,-0.6778421,0.0077641243
0.015516711,-1.302913,-0.74896514,-0.6778421,0.0077641243
0.017464332,-1.302913,-0.74896514,-0.6778421,0.0077641243
0.02022147,-1.302913,-0.74896514,-0.6778421,0.0077641243
0.024131,-1.302913,-0.74896514,-0.6778421,0.0077641243
0.029513743,-1.302913,-0.74896514,-0.6778421,0.0077641243
0.03621614,-1.302913,-0.74896514,-0.6778421,0.0077641243
0.042639103,-1.302913,-0.74896514,-0.6778421,0.0077641243
0.04546339,-1.302913,-0.74896514,-0.6778421,0.0077641243
0.21468604,-1.8391553,-1.07322,-0.8870811,0.025892632
0.17535822,-1.8391553,-1.07322,-0.8870811,0.025892632
0.11766007,-1.8391553,-1.07322,-0.8870811,0.025892632
0.081522964,-1.8391553,-1.07322,-0.8870811,0.025892632
0.061640352,-1.8391553,-1.07322,-0.8870811,0.025892632
0.050361454,-1.8391553,-1.07322,-0.8870811,0.025892632
0.043587007,-1.8391553,-1.07322,-0.8870811,0.025892632
0.03929451,-1.8391553,-1.07322,-0.8870811,0.025892632
0.036450706,-1.8391553,-1.07322,-0.8870811,0.025892632
0.034497984,-1.8391553,-1.07322,-0.8870811,0.025892632
0.033119064,-1.8391553,-1.07322,-0.8870811,0.025892632
0.032124925,-1.8391553,-1.07322,-0.8870811,0.025892632
0.031398594,-1.8391553,-1.07322,-0.8870811,0.025892632
0.030865472,-1.8391553,-1.07322,-0.8870811,0.025892632
0.030476935,-1.8391553,-1.0732201,-0.8870811,0.025892636
0.030200962,-1.8391553,-1.0732201,-0.8870811,0.025892636
0.030016625,-1.8391553,-1.07322,-0.8870811,0.025892632
0.029910812,-1.8391553,-1.07322,-0.8870811,0.025892632
0.029876307,-1.8391553,-1.07322,-0.8870811,0.025892632
0.029910812,-1.8391553,-1.07322,-0.8870811,0.025892632
0.030016625,-1.8391553,-1.07322,-0.8870811,0.025892632
0.030200958,-1.8391553,-1.07322,-0.8870811,0.025892632
0.030476931,-1.8391553,-1.07322,-0.8870811,0.025892632
0.030865472,-1.8391553,-1.07322,-0.8870811,0.025892632
0.031398594,-1.8391553,-1.07322,-0.8870811,0.025892632
0.032124925,-1.8391553,-1.07322,-0.8870811,0.025892632
0.033119068,-1.8391553,-1.07322,-0.8870811,0.025892632
0.034497984,-1.8391553,-1.07322,-0.8870811,0.025892632
0.036450703,-1.8391553,-1.07322,-0.8870811,0.025892632
0.0392945,-1.8391553,-1.07322,-0.8870811,0.025892632
0.043587,-1.8391553,-1.07322,-0.8870811,0.025892632
0.050361454,-1.8391553,-1.07322,-0.8870811,0.025892632
0.061640322,-1.8391553,-1.07322,-0.8870811,0.025892632
0.08152289,-1.8391553,-1.07322,-0.8870811,0.025892632
0.117660075,-1.8391553,-1.07322,-0.8870811,0.025892632
0.17535824,-1.8391553,-1.07322,-0.8870811,0.025892632
0.21468604,-1.8391553,-1.07322,-0.8870811,0.025892632
0.030450813,-1.3437543,-0.77115905,-0.698778,0.0039996626
0.028674185,-1.3437543,-0.77115905,-0.698778,0.0039996626
0.02456234,-1.3437543,-0.77115905,-0.698778,0.0039996626
0.02014679,-1.3437543,-0.77115905,-0.698778,0.0039996626
0.016482305,-1.3437543,-0.77115905,-0.698778,0.0039996626
0.013732783,-1.3437543,-0.77115905,-0.698778,0.0039996626
0.01173478,-1.3437543,-0.77115905,-0.698778,0.0039996626
0.010285654,-1.3437543,-0.77115905,-0.698778,0.0039996626
0.00922393,-1.3437543,-0.77115905,-0.698778,0.0039996626
0.008435415,-1.3437543,-0.77115905,-0.698778,0.003999681
0.007842213,-1.3437543,-0.77115905,-0.698778,0.003999681
0.0073916083,-1.3437543,-0.77115905,-0.698778,0.0039996626
0.0070477827,-1.3437543,-0.77115905,-0.698778,0.0039996626
0.0067861388,-1.3437543,-0.77115905,-0.698778,0.0039996626
0.0065897414,-1.3437543,-0.77115905,-0.698778,0.0039996626
0.0064469483,-1.3437543,-0.77115905,-0.698778,0.0039996626
0.006349896,-1.3437543,-0.77115905,-0.698778,0.0039996626
0.006293537,-1.3437543,-0.77115905,-0.698778,0.0039996626
0.006275052,-1.3437543,-0.77115905,-0.698778,0.0039996626
0.006293537,-1.3437543,-0.77115905,-0.698778,0.0039996626
0.006349896,-1.3437543,-0.77115905,-0.698778,0.0039996626
0.0064469487,-1.3437543,-0.77115905,-0.698778,0.0039996626
0.0065897414,-1.3437543,-0.77115905,-0.698778,0.0039996626
0.0067861388,-1.3437543,-0.77115905,-0.698778,0.0039996626
0.0070477827,-1.3437543,-0.77115905,-0.698778,0.0039996626
0.0073916083,-1.3437543,-0.77115905,-0.698778,0.0039996626
0.007842194,-1.3437543,-0.77115905,-0.698778,0.0039996626
0.0084353965,-1.3437543,-0.77115905,-0.698778,0.0039996626
0.00922393,-1.3437543,-0.77115905,-0.698778,0.0039996626
0.0102856485,-1.3437543,-0.77115905,-0.698778,0.0039996626
0.011734779,-1.3437543,-0.77115905,-0.698778,0.0039996626
0.013732781,-1.3437543,-0.77115905,-0.698778,0.0039996626
0.016482297,-1.3437543,-0.77115905,-0.698778,0.0039996626
0.020146783,-1.3437543,-0.77115905,-0.698778,0.0039996626
0.024562329,-1.3437543,-0.77115905,-0.698778,0.0039996626
0.028674182,-1.3437543,-0.77115905,-0.698778,0.0039996626
0.030450813,-1.3437543,-0.77115905,-0.698778,0.0039996626
0.28197417,-1.4877027,-0.8685736,-0.7447905,0.03685607
0.23461033,-1.4877027,-0.8685736,-0.7447905,0.03685607
0.16070902,-1.4877027,-0.8685736,-0.7447905,0.03685607
0.11173047,-1.4877027,-0.8685736,-0.7447905,0.03685607
0.08408069,-1.487703,-0.86857367,-0.7447905,0.036856085
0.06835401,-1.487703,-0.86857367,-0.7447905,0.036856085
0.05901131,-1.4877027,-0.8685736,-0.7447905,0.03685607
0.05319783,-1.4877027,-0.8685736,-0.7447905,0.03685607
0.049426474,-1.4877027,-0.8685736,-0.7447905,0.03685607
0.046891272,-1.4877027,-0.8685736,-0.7447905,0.03685607
0.045136333,-1.4877027,-0.8685736,-0.7447905,0.03685607
0.043893397,-1.4877027,-0.8685736,-0.7447905,0.03685607
0.042999085,-1.4877027,-0.8685736,-0.7447905,0.03685607
0.04235098,-1.4877027,-0.8685736,-0.7447905,0.03685607
0.041883484,-1.4877027,-0.8685736,-0.7447905,0.03685607
0.04155407,-1.4877027,-0.8685736,-0.7447905,0.03685607
0.04133532,-1.4877027,-0.8685736,-0.7447905,0.03685607
0.041210223,-1.4877027,-0.8685736,-0.7447905,0.03685607
0.04116951,-1.4877027,-0.8685736,-0.7447905,0.03685607
0.041210223,-1.4877027,-0.8685736,-0.7447905,0.03685607
0.04133532,-1.4877027,-0.8685736,-0.7447905,0.03685607
0.04155407,-1.4877027,-0.8685736,-0.7447905,0.03685607
0.041883484,-1.4877027,-0.8685736,-0.7447905,0.03685607
0.04235098,-1.4877027,-0.8685736,-0.7447905,0.03685607
0.042999085,-1.4877027,-0.8685736,-0.7447905,0.03685607
0.043893397,-1.4877027,-0.8685736,-0.7447905,0.03685607
0.045136333,-1.4877027,-0.8685736,-0.7447905,0.03685607
0.046891272,-1.4877027,-0.8685736,-0.7447905,0.03685607
0.049426474,-1.4877027,-0.8685736,-0.7447905,0.03685607
0.053197823,-1.4877027,-0.8685736,-0.7447905,0.03685607
0.059011303,-1.4877027,-0.8685736,-0.7447905,0.03685607
0.06835398,-1.4877027,-0.8685736,-0.7447905,0.03685607
0.08408065,-1.4877027,-0.8685736,-0.7447905,0.03685607
0.11173047,-1.4877027,-0.8685736,-0.7447905,0.03685607
0.16070874,-1.4877027,-0.8685736,-0.7447905,0.03685607
0.23460998,-1.4877027,-0.8685736,-0.7447905,0.03685607
0.2819742,-1.487703,-0.86857367,-0.7447905,0.036856085
0.043373145,-1.4888759,-0.8232037,-0.80533427,0.04507043
0.04340449,-1.488876,-0.8232036,-0.80533427,0.04507042
0.04349418,-1.488876,-0.8232036,-0.80533427,0.04507042
0.04363031,-1.488876,-0.8232036,-0.80533427,0.04507042
0.043796584,-1.488876,-0.8232036,-0.80533427,0.04507042
0.043976,-1.488876,-0.8232036,-0.80533427,0.04507042
0.044153865,-1.488876,-0.8232036,-0.80533427,0.04507042
0.04431941,-1.488876,-0.8232036,-0.80533427,0.04507042
0.044466127,-1.488876,-0.8232036,-0.80533427,0.04507042
0.04459116,-1.488876,-0.8232036,-0.80533427,0.04507042
0.04469434,-1.488876,-0.8232036,-0.80533427,0.04507042
0.044777192,-1.488876,-0.8232036,-0.80533427,0.04507042
0.04484209,-1.488876,-0.8232036,-0.80533427,0.04507042
0.044891685,-1.488876,-0.8232036,-0.80533427,0.04507042
0.044928517,-1.488876,-0.8232036,-0.80533427,0.04507042
0.0449548,-1.488876,-0.8232036,-0.80533427,0.04507042
0.044972297,-1.488876,-0.8232036,-0.80533427,0.04507042
0.044982284,-1.488876,-0.8232036,-0.80533427,0.04507042
0.044985525,-1.488876,-0.8232036,-0.80533427,0.04507042
0.044982284,-1.488876,-0.8232036,-0.80533427,0.04507042
0.044972297,-1.488876,-0.8232036,-0.80533427,0.04507042
0.0449548,-1.488876,-0.8232036,-0.80533427,0.04507042
0.044928517,-1.488876,-0.8232036,-0.80533427,0.04507042
0.044891685,-1.488876,-0.8232036,-0.80533427,0.04507042
0.04484209,-1.488876,-0.8232036,-0.80533427,0.04507042
0.044777192,-1.488876,-0.8232036,-0.80533427,0.04507042
0.04469434,-1.488876,-0.8232036,-0.80533427,0.04507042
0.04459116,-1.488876,-0.8232036,-0.80533427,0.04507042
0.044466127,-1.488876,-0.8232036,-0.80533427,0.04507042
0.04431941,-1.488876,-0.8232036,-0.80533427,0.04507042
0.044153865,-1.488876,-0.8232036,-0.80533427,0.04507042
0.04397601,-1.4888759,-0.8232037,-0.80533427,0.04507043
0.04379659,-1.4888759,-0.8232037,-0.80533427,0.04507043
0.04363031,-1.488876,-0.8232036,-0.80533427,0.04507042
0.04349418,-1.488876,-0.8232036,-0.80533427,0.04507042
0.04340449,-1.488876,-0.8232036,-0.80533427,0.04507042
0.043373138,-1.488876,-0.8232036,-0.80533427,0.04507042
0.004518793,-3.362443,-1.9455615,-1.5277025,0.002118212
0.0044906624,-3.362443,-1.9455615,-1.5277025,0.002118212
0.0044127544,-3.362443,-1.9455615,-1.5277025,0.002118212
0.0043009752,-3.362443,-1.9455615,-1.5277025,0.002118212
0.004173316,-3.362443,-1.9455615,-1.5277025,0.002118212
0.0040441537,-3.362443,-1.9455615,-1.5277025,0.002118212
0.003922447,-3.362443,-1.9455615,-1.5277025,0.002118212
0.003812573,-3.362443,-1.9455615,-1.5277025,0.002118212
0.0037159324,-3.362443,-1.9455615,-1.5277025,0.002118212
0.0036323443,-3.362443,-1.9455615,-1.5277025,0.002118212
0.003560938,-3.362443,-1.9455615,-1.5277025,0.002118212
0.0035006388,-3.362443,-1.9455615,-1.5277025,0.002118212
0.0034504093,-3.362443,-1.9455615,-1.5277025,0.002118212
0.0034093438,-3.362443,-1.9455615,-1.5277025,0.002118212
0.0033766949,-3.362443,-1.9455615,-1.5277025,0.002118212
0.0033518774,-3.362443,-1.9455615,-1.5277025,0.002118212
0.0033344515,-3.362443,-1.9455615,-1.5277025,0.002118212
0.0033241145,-3.362443,-1.9455615,-1.5277025,0.002118212
0.0033206875,-3.362443,-1.9455615,-1.5277025,0.002118212
0.0033241145,-3.362443,-1.9455615,-1.5277025,0.002118212
0.003334451,-3.362443,-1.9455615,-1.5277025,0.002118212
0.0033518774,-3.362443,-1.9455615,-1.5277025,0.002118212
0.0033766949,-3.362443,-1.9455615,-1.5277025,0.002118212
0.0034093438,-3.362443,-1.9455615,-1.5277025,0.002118212
0.0034504093,-3.362443,-1.9455615,-1.5277025,0.002118212
0.003500639,-3.362443,-1.9455615,-1.5277025,0.002118212
0.0035609603,-3.362443,-1.9455614,-1.5277025,0.0021182343
0.0036323667,-3.362443,-1.9455614,-1.5277025,0.0021182343
0.0037159324,-3.362443,-1.9455615,-1.5277025,0.002118212
0.003812573,-3.362443,-1.9455615,-1.5277025,0.002118212
0.0039224476,-3.362443,-1.9455615,-1.5277025,0.002118212
0.0040441537,-3.362443,-1.9455615,-1.5277025,0.002118212
0.004173316,-3.362443,-1.9455615,-1.5277025,0.002118212
0.0043009752,-3.362443,-1.9455615,-1.5277025,0.002118212
0.0044127544,-3.362443,-1.9455615,-1.5277025,0.002118212
0.0044906624,-3.362443,-1.9455615,-1.5277025,0.002118212
0.004518793,-3.362443,-1.9455615,-1.5277025,0.002118212
0.031279065,-1.4001206,-0.7702453,-0.7644389,0.034556914
0.03149198,-1.4001206,-0.7702453,-0.7644389,0.034556914
0.032052565,-1.4001206,-0.7702453,-0.7644389,0.034556914
0.032780003,-1.4001206,-0.7702453,-0.7644389,0.034556914
0.03349585,-1.4001206,-0.7702453,-0.7644389,0.034556914
0.034090877,-1.4001206,-0.7702453,-0.7644389,0.034556914
0.034529585,-1.4001206,-0.7702453,-0.7644389,0.034556914
0.034823176,-1.4001206,-0.7702453,-0.7644389,0.034556914
0.035001893,-1.4001206,-0.7702453,-0.7644389,0.034556914
0.035098165,-1.4001206,-0.7702453,-0.7644389,0.034556914
0.03513942,-1.4001206,-0.7702453,-0.7644389,0.034556914
0.035146404,-1.4001206,-0.7702453,-0.7644389,0.034556914
0.0351339,-1.4001206,-0.7702453,-0.7644389,0.034556914
0.03511203,-1.4001206,-0.7702453,-0.7644389,0.034556914
0.035087593,-1.4001206,-0.7702453,-0.7644389,0.034556914
0.03506505,-1.4001206,-0.7702453,-0.7644389,0.034556914
0.03504726,-1.4001206,-0.7702453,-0.7644389,0.034556914
0.035035964,-1.4001206,-0.7702453,-0.7644389,0.034556914
0.035032097,-1.4001206,-0.7702453,-0.7644389,0.034556914
0.035035964,-1.4001206,-0.7702453,-0.7644389,0.034556914
0.03504726,-1.4001206,-0.7702453,-0.7644389,0.034556914
0.03506508,-1.4001205,-0.7702453,-0.7644389,0.034556944
0.035087623,-1.4001205,-0.7702453,-0.7644389,0.034556944
0.03511203,-1.4001206,-0.7702453,-0.7644389,0.034556914
0.0351339,-1.4001206,-0.7702453,-0.7644389,0.034556914
0.035146404,-1.4001206,-0.7702453,-0.7644389,0.034556914
0.03513942,-1.4001206,-0.7702453,-0.7644389,0.034556914
0.035098165,-1.4001206,-0.7702453,-0.7644389,0.034556914
0.035001893,-1.4001206,-0.7702453,-0.7644389,0.034556914
0.034823176,-1.4001206,-0.7702453,-0.7644389,0.034556914
0.034529585,-1.4001206,-0.7702453,-0.7644389,0.034556914
0.034090873,-1.4001206,-0.7702453,-0.7644389,0.034556914
0.03349585,-1.4001206,-0.7702453,-0.7644389,0.034556914
0.032780003,-1.4001206,-0.7702453,-0.7644389,0.034556914
0.032052565,-1.4001206,-0.7702453,-0.7644389,0.034556914
0.03149198,-1.4001206,-0.7702453,-0.7644389,0.034556914
0.031279065,-1.4001206,-0.7702453,-0.7644389,0.034556914
0.14684787,-1.362395,-0.79236746,-0.70038253,0.023921218
0.12924162,-1.362395,-0.79236746,-0.70038253,0.023921218
0.096763164,-1.362395,-0.79236746,-0.70038253,0.023921218
0.071065105,-1.362395,-0.79236746,-0.70038253,0.023921218
0.054839663,-1.362395,-0.79236746,-0.70038253,0.023921218
0.04504299,-1.362395,-0.79236746,-0.70038253,0.023921218
0.039039396,-1.362395,-0.79236746,-0.70038253,0.023921218
0.03523774,-1.362395,-0.79236746,-0.70038253,0.023921218
0.032742392,-1.362395,-0.79236746,-0.70038253,0.023921218
0.03104873,-1.362395,-0.79236746,-0.70038253,0.023921218
0.02986576,-1.362395,-0.79236746,-0.70038253,0.023921218
0.029020574,-1.362395,-0.79236746,-0.70038253,0.023921218
0.028407302,-1.362395,-0.79236746,-0.70038253,0.023921218
0.027959356,-1.362395,-0.79236746,-0.70038253,0.023921218
0.02763395,-1.362395,-0.79236746,-0.70038253,0.023921218
0.027403288,-1.362395,-0.79236746,-0.70038253,0.023921218
0.027249381,-1.3623949,-0.79236746,-0.70038253,0.023921203
0.027161093,-1.3623949,-0.79236746,-0.70038253,0.023921203
0.027132327,-1.362395,-0.79236746,-0.70038253,0.023921218
0.027161108,-1.362395,-0.79236746,-0.70038253,0.023921218
0.027249396,-1.362395,-0.79236746,-0.70038253,0.023921218
0.027403288,-1.362395,-0.79236746,-0.70038253,0.023921218
0.02763395,-1.362395,-0.79236746,-0.70038253,0.023921218
0.027959356,-1.362395,-0.79236746,-0.70038253,0.023921218
0.028407302,-1.362395,-0.79236746,-0.70038253,0.023921218
0.029020572,-1.362395,-0.79236746,-0.70038253,0.023921218
0.029865758,-1.362395,-0.79236746,-0.70038253,0.023921218
0.03104873,-1.362395,-0.79236746,-0.70038253,0.023921218
0.032742392,-1.362395,-0.79236746,-0.70038253,0.023921218
0.035237737,-1.362395,-0.79236746,-0.70038253,0.023921218
0.03903939,-1.362395,-0.79236746,-0.70038253,0.023921218
0.045042984,-1.362395,-0.79236746,-0.70038253,0.023921218
0.054839645,-1.362395,-0.79236746,-0.70038253,0.023921218
0.07106509,-1.362395,-0.79236746,-0.70038253,0.023921218
0.096763074,-1.362395,-0.79236746,-0.70038253,0.023921218
0.12924156,-1.362395,-0.79236746,-0.70038253,0.023921218
0.14684787,-1.362395,-0.79236746,-0.70038253,0.023921218
0.03792558,-1.5666852,-0.87040645,-0.83373946,0.039232593
0.03795349,-1.5666852,-0.87040645,-0.83373946,0.039232593
0.038033195,-1.5666852,-0.87040645,-0.83373946,0.039232593
0.038153768,-1.5666852,-0.87040645,-0.83373946,0.039232593
0.038300354,-1.5666852,-0.87040645,-0.83373946,0.039232593
0.038457625,-1.5666852,-0.87040645,-0.83373946,0.039232593
0.038612522,-1.5666852,-0.87040645,-0.83373946,0.039232593
0.038755678,-1.5666852,-0.87040645,-0.83373946,0.039232593
0.03888163,-1.5666852,-0.87040645,-0.83373946,0.039232593
0.038988173,-1.5666852,-0.87040645,-0.83373946,0.039232593
0.039075453,-1.5666852,-0.87040645,-0.83373946,0.039232593
0.039145008,-1.5666851,-0.87040645,-0.83373946,0.039232578
0.03919912,-1.5666851,-0.87040645,-0.83373946,0.039232578
0.039240215,-1.5666852,-0.87040645,-0.83373946,0.039232593
0.039270535,-1.5666852,-0.87040645,-0.83373946,0.039232593
0.039292052,-1.5666852,-0.87040645,-0.83373946,0.039232593
0.039306313,-1.5666852,-0.87040645,-0.83373946,0.039232593
0.03931443,-1.5666852,-0.87040645,-0.83373946,0.039232593
0.03931706,-1.5666852,-0.87040645,-0.83373946,0.039232593
0.03931443,-1.5666852,-0.87040645,-0.83373946,0.039232593
0.039306313,-1.5666852,-0.87040645,-0.83373946,0.039232593
0.039292052,-1.5666852,-0.87040645,-0.83373946,0.039232593
0.039270535,-1.5666852,-0.87040645,-0.83373946,0.039232593
0.039240215,-1.5666852,-0.87040645,-0.83373946,0.039232593
0.039199136,-1.5666852,-0.87040645,-0.83373946,0.039232593
0.039145023,-1.5666852,-0.87040645,-0.83373946,0.039232593
0.039075453,-1.5666852,-0.87040645,-0.83373946,0.039232593
0.038988173,-1.5666852,-0.87040645,-0.83373946,0.039232593
0.03888163,-1.5666852,-0.87040645,-0.83373946,0.039232593
0.038755678,-1.5666852,-0.87040645,-0.83373946,0.039232593
0.038612522,-1.5666852,-0.87040645,-0.83373946,0.039232593
0.038457625,-1.5666852,-0.87040645,-0.83373946,0.039232593
0.038300354,-1.5666852,-0.87040645,-0.83373946,0.039232593
0.038153768,-1.5666852,-0.87040645,-0.83373946,0.039232593
0.038033195,-1.5666852,-0.87040645,-0.83373946,0.039232593
0.037953492,-1.5666852,-0.87040645,-0.83373946,0.039232593
0.03792558,-1.5666852,-0.87040645,-0.83373946,0.039232593
0.2815901,-1.0368708,-0.6002856,-0.53007007,0.04588156
0.2689831,-1.0368708,-0.6002856,-0.53007007,0.04588156
0.23742042,-1.0368708,-0.6002856,-0.53007007,0.04588156
0.19946475,-1.0368708,-0.6002856,-0.53007007,0.04588156
0.16458324,-1.0368708,-0.6002856,-0.53007007,0.04588156
0.1365324,-1.0368708,-0.6002856,-0.53007007,0.04588156
0.11541755,-1.0368708,-0.60028565,-0.53007007,0.04588157
0.09997821,-1.0368708,-0.60028565,-0.53007007,0.04588157
0.08878583,-1.0368708,-0.6002856,-0.53007007,0.04588156
0.08065588,-1.0368708,-0.6002856,-0.53007007,0.04588156
0.07471109,-1.0368708,-0.6002856,-0.53007007,0.04588156
0.070332184,-1.0368708,-0.6002856,-0.53007007,0.04588156
0.067090765,-1.0368708,-0.6002856,-0.53007007,0.04588156
0.064692706,-1.0368708,-0.6002856,-0.53007007,0.04588156
0.06293672,-1.0368708,-0.6002856,-0.53007007,0.04588156
0.061686,-1.0368708,-0.6002856,-0.53007007,0.04588156
0.06084924,-1.0368708,-0.6002856,-0.53007007,0.04588156
0.060368497,-1.0368708,-0.6002856,-0.53007007,0.04588156
0.06021167,-1.0368708,-0.6002856,-0.53007007,0.04588156
0.060368497,-1.0368708,-0.6002856,-0.53007007,0.04588156
0.06084924,-1.0368708,-0.6002856,-0.53007007,0.04588156
0.061686,-1.0368708,-0.6002856,-0.53007007,0.04588156
0.06293673,-1.0368708,-0.6002856,-0.53007007,0.04588156
0.064692706,-1.0368708,-0.6002856,-0.53007007,0.04588156
0.067090765,-1.0368708,-0.6002856,-0.53007007,0.04588156
0.070332184,-1.0368708,-0.6002856,-0.53007007,0.04588156
0.074711084,-1.0368708,-0.6002856,-0.53007007,0.04588156
0.08065588,-1.0368708,-0.6002856,-0.53007007,0.04588156
0.08878581,-1.0368708,-0.6002856,-0.53007007,0.04588156
0.09997818,-1.0368708,-0.6002856,-0.53007007,0.04588156
0.115417525,-1.0368708,-0.6002856,-0.53007007,0.04588156
0.13653235,-1.0368708,-0.6002856,-0.53007007,0.04588156
0.16458316,-1.0368708,-0.6002856,-0.53007007,0.04588156
0.19946472,-1.0368708,-0.6002856,-0.53007007,0.04588156
0.23742026,-1.0368708,-0.6002856,-0.53007007,0.04588156
0.26898307,-1.0368708,-0.6002856,-0.53007007,0.04588156
0.2815901,-1.0368708,-0.6002856,-0.53007007,0.04588156
0.058114078,-1.0110078,-0.5725709,-0.52726555,0.019732792
0.05743061,-1.0110077,-0.5725709,-0.52726555,0.019732798
0.055514283,-1.0110077,-0.5725709,-0.52726555,0.019732798
0.05270838,-1.0110078,-0.5725709,-0.52726555,0.019732792
0.049431667,-1.0110078,-0.5725709,-0.52726555,0.019732792
0.0460549,-1.0110078,-0.5725709,-0.52726555,0.019732792
0.042838745,-1.0110078,-0.5725709,-0.52726555,0.019732792
0.039930128,-1.0110078,-0.5725709,-0.52726555,0.019732792
0.03738889,-1.0110078,-0.5725709,-0.52726555,0.019732792
0.035220213,-1.0110078,-0.5725709,-0.52726555,0.019732792
0.033400625,-1.0110078,-0.5725709,-0.52726555,0.019732792
0.031895123,-1.0110078,-0.5725709,-0.52726555,0.019732792
0.030666983,-1.0110078,-0.5725709,-0.52726555,0.019732792
0.029682685,-1.0110078,-0.5725709,-0.52726555,0.019732792
0.028913934,-1.0110078,-0.5725709,-0.52726555,0.019732792
0.028338186,-1.0110078,-0.5725709,-0.52726555,0.019732792
0.02793854,-1.0110078,-0.5725709,-0.52726555,0.019732792
0.0277033,-1.0110078,-0.5725709,-0.52726555,0.019732792
0.027625635,-1.0110078,-0.5725709,-0.52726555,0.019732792
0.0277033,-1.0110078,-0.5725709,-0.52726555,0.019732792
0.02793854,-1.0110078,-0.5725709,-0.52726555,0.019732792
0.028338186,-1.0110078,-0.5725709,-0.52726555,0.019732792
0.02891393,-1.0110078,-0.5725709,-0.52726555,0.019732792
0.029682685,-1.0110078,-0.5725709,-0.52726555,0.019732792
0.030666983,-1.0110078,-0.5725709,-0.52726555,0.019732792
0.031895116,-1.0110078,-0.5725709,-0.52726555,0.019732792
0.033400625,-1.0110078,-0.5725709,-0.52726555,0.019732792
0.035220213,-1.0110078,-0.5725709,-0.52726555,0.019732792
0.037388884,-1.0110078,-0.5725709,-0.52726555,0.019732792
0.039930116,-1.0110078,-0.5725709,-0.52726555,0.019732792
0.042838745,-1.0110078,-0.5725709,-0.52726555,0.019732792
0.046054896,-1.0110078,-0.5725709,-0.52726555,0.019732792
0.04943165,-1.0110078,-0.5725709,-0.52726555,0.019732792
0.052708387,-1.0110077,-0.5725709,-0.52726555,0.019732798
0.055514283,-1.0110077,-0.5725709,-0.52726555,0.019732798
0.05743059,-1.0110078,-0.5725709,-0.52726555,0.019732792
0.058114078,-1.0110078,-0.5725709,-0.52726555,0.019732792
1.3233101,-1.039493,-0.6084878,-0.5461663,0.058179524
1.0610071,-1.039493,-0.6084878,-0.5461663,0.058179524
0.6570026,-1.039493,-0.6084878,-0.5461663,0.058179524
0.39703992,-1.039493,-0.6084878,-0.5461663,0.058179524
0.25689778,-1.039493,-0.6084878,-0.5461663,0.058179524
0.18160832,-1.039493,-0.6084878,-0.5461663,0.058179524
0.13951428,-1.039493,-0.6084878,-0.5461663,0.058179524
0.11481374,-1.039493,-0.6084878,-0.5461663,0.058179524
0.099624604,-1.039493,-0.6084878,-0.5461663,0.058179524
0.08988318,-1.039493,-0.6084878,-0.5461663,0.058179524
0.08340652,-1.039493,-0.6084878,-0.5461663,0.058179524
0.07897267,-1.039493,-0.6084878,-0.5461663,0.058179524
0.075870976,-1.039493,-0.6084878,-0.5461663,0.058179524
0.07367408,-1.039493,-0.6084878,-0.5461663,0.058179524
0.07211797,-1.039493,-0.6084878,-0.5461663,0.058179524
0.07103668,-1.039493,-0.6084878,-0.5461663,0.058179524
0.07032587,-1.039493,-0.6084878,-0.5461663,0.058179524
0.06992205,-1.039493,-0.6084878,-0.5461663,0.058179524
0.06979104,-1.039493,-0.6084878,-0.5461663,0.058179524
0.06992205,-1.039493,-0.6084878,-0.5461663,0.058179524
0.07032587,-1.039493,-0.6084878,-0.5461663,0.058179524
0.071036674,-1.039493,-0.6084878,-0.5461663,0.058179524
0.07211797,-1.039493,-0.6084878,-0.5461663,0.058179524
0.07367408,-1.039493,-0.6084878,-0.5461663,0.058179524
0.075870976,-1.039493,-0.6084878,-0.5461663,0.058179524
0.07897266,-1.039493,-0.6084878,-0.5461663,0.058179524
0.08340651,-1.039493,-0.6084878,-0.5461663,0.058179524
0.08988318,-1.039493,-0.6084878,-0.5461663,0.058179524
0.0996246,-1.039493,-0.6084878,-0.54616636,0.058179528
0.114813715,-1.039493,-0.6084878,-0.54616636,0.058179528
0.13951425,-1.039493,-0.6084878,-0.5461663,0.058179524
0.18160819,-1.039493,-0.6084878,-0.5461663,0.058179524
0.25689757,-1.039493,-0.6084878,-0.5461663,0.058179524
0.39703962,-1.039493,-0.6084878,-0.5461663,0.058179524
0.6570014,-1.039493,-0.6084878,-0.5461663,0.058179524
1.061005,-1.039493,-0.6084878,-0.5461663,0.058179524
1.3233101,-1.039493,-0.6084878,-0.5461663,0.058179524
0.38171843,-1.128353,-0.6553389,-0.5956606,0.035348207
0.32140097,-1.128353,-0.6553389,-0.5956606,0.035348207
0.21838412,-1.128353,-0.6553389,-0.5956606,0.035348207
0.1446882,-1.128353,-0.6553389,-0.5956606,0.035348207
0.102222234,-1.128353,-0.6553389,-0.5956606,0.035348207
0.078474,-1.128353,-0.6553389,-0.5956606,0.035348207
0.0648105,-1.128353,-0.6553389,-0.5956606,0.035348207
0.056591183,-1.128353,-0.6553389,-0.5956606,0.035348207
0.051414616,-1.128353,-0.6553389,-0.5956606,0.035348207
0.04801538,-1.128353,-0.6553389,-0.5956606,0.035348207
0.045702644,-1.128353,-0.6553389,-0.5956606,0.035348207
0.044084165,-1.128353,-0.6553389,-0.5956606,0.035348207
0.042928647,-1.128353,-0.6553389,-0.5956606,0.035348207
0.04209511,-1.128353,-0.6553389,-0.5956606,0.035348207
0.041495293,-1.128353,-0.6553389,-0.5956606,0.035348207
0.041073054,-1.128353,-0.6553389,-0.5956606,0.035348207
0.040792715,-1.128353,-0.6553389,-0.5956606,0.035348207
0.040632382,-1.128353,-0.6553389,-0.5956606,0.035348207
0.040580187,-1.128353,-0.6553389,-0.5956606,0.035348207
0.040632382,-1.128353,-0.6553389,-0.5956606,0.035348207
0.040792715,-1.128353,-0.6553389,-0.5956606,0.035348207
0.041073054,-1.128353,-0.6553389,-0.5956606,0.035348207
0.04149529,-1.128353,-0.6553389,-0.5956606,0.035348207
0.042095102,-1.128353,-0.655339,-0.5956606,0.0353482
0.04292864,-1.128353,-0.655339,-0.5956606,0.0353482
0.044084165,-1.128353,-0.6553389,-0.5956606,0.035348207
0.045702644,-1.128353,-0.6553389,-0.5956606,0.035348207
0.048015375,-1.128353,-0.6553389,-0.5956606,0.035348207
0.051414616,-1.128353,-0.6553389,-0.5956606,0.035348207
0.056591183,-1.128353,-0.6553389,-0.5956606,0.035348207
0.0648105,-1.128353,-0.6553389,-0.5956606,0.035348207
0.07847397,-1.128353,-0.6553389,-0.5956606,0.035348207
0.10222222,-1.128353,-0.6553389,-0.5956606,0.035348207
0.14468813,-1.128353,-0.6553389,-0.5956606,0.035348207
0.21838383,-1.128353,-0.6553389,-0.5956606,0.035348207
0.32140058,-1.128353,-0.6553389,-0.5956606,0.035348207
0.38171843,-1.128353,-0.6553389,-0.5956606,0.035348207
0.05563934,-1.4580655,-0.7994995,-0.7985508,0.05794019
0.055682328,-1.4580655,-0.7994995,-0.7985508,0.05794019
0.055804722,-1.4580655,-0.7994995,-0.7985508,0.05794019
0.055988837,-1.4580655,-0.7994995,-0.7985508,0.05794019
0.056210916,-1.4580655,-0.7994995,-0.7985508,0.05794019
0.056446902,-1.4580655,-0.7994995,-0.7985508,0.05794019
0.056676842,-1.4580655,-0.7994995,-0.7985508,0.05794019
0.05688696,-1.4580655,-0.7994995,-0.7985508,0.05794019
0.057069696,-1.4580655,-0.7994995,-0.7985508,0.05794019
0.05722253,-1.4580655,-0.7994995,-0.7985508,0.05794019
0.05734635,-1.4580655,-0.7994995,-0.7985508,0.05794019
0.057444017,-1.4580655,-0.7994995,-0.7985508,0.05794019
0.05751924,-1.4580655,-0.7994995,-0.7985508,0.05794019
0.05757582,-1.4580655,-0.7994995,-0.7985508,0.05794019
0.057617236,-1.4580655,-0.7994995,-0.7985508,0.05794019
0.057646412,-1.4580655,-0.7994995,-0.7985508,0.05794019
0.057665642,-1.4580655,-0.7994995,-0.7985508,0.05794019
0.057676535,-1.4580655,-0.7994995,-0.7985508,0.05794019
0.057680067,-1.4580655,-0.7994995,-0.7985508,0.057940196
0.057676543,-1.4580655,-0.7994995,-0.7985508,0.057940196
0.057665642,-1.4580655,-0.7994995,-0.7985508,0.05794019
0.057646412,-1.4580655,-0.7994995,-0.7985508,0.05794019
0.057617236,-1.4580655,-0.7994995,-0.7985508,0.05794019
0.05757582,-1.4580655,-0.7994995,-0.7985508,0.05794019
0.05751924,-1.4580655,-0.7994995,-0.7985508,0.05794019
0.057444017,-1.4580655,-0.7994995,-0.7985508,0.05794019
0.05734635,-1.4580655,-0.7994995,-0.7985508,0.05794019
0.05722253,-1.4580655,-0.7994995,-0.7985508,0.05794019
0.057069696,-1.4580655,-0.7994995,-0.7985508,0.05794019
0.05688696,-1.4580655,-0.7994995,-0.7985508,0.05794019
0.056676842,-1.4580655,-0.7994995,-0.7985508,0.05794019
0.056446902,-1.4580655,-0.7994995,-0.7985508,0.05794019
0.056210916,-1.4580655,-0.7994995,-0.7985508,0.05794019
0.055988837,-1.4580655,-0.7994995,-0.7985508,0.05794019
0.055804722,-1.4580655,-0.7994995,-0.7985508,0.05794019
0.055682328,-1.4580655,-0.7994995,-0.7985508,0.05794019
0.05563934,-1.4580655,-0.7994995,-0.7985508,0.05794019
0.02184233,-1.9641155,-1.1389551,-0.9436178,0.0042418884
0.020808104,-1.9641155,-1.1389551,-0.9436178,0.0042418884
0.018352188,-1.9641155,-1.1389551,-0.9436178,0.0042418884
0.015612599,-1.9641155,-1.1389551,-0.9436178,0.0042418884
0.013252597,-1.9641155,-1.1389551,-0.9436178,0.0042418884
0.011426445,-1.9641155,-1.1389551,-0.9436178,0.0042418884
0.010067582,-1.9641155,-1.1389551,-0.9436178,0.0042418884
0.009064374,-1.9641155,-1.1389551,-0.9436178,0.0042418884
0.008319719,-1.9641155,-1.1389551,-0.9436178,0.0042418884
0.0077614808,-1.9641155,-1.1389551,-0.9436178,0.0042418884
0.007338818,-1.9641155,-1.1389551,-0.9436178,0.0042418884
0.007016441,-1.9641155,-1.1389551,-0.9436178,0.0042418884
0.0067698644,-1.9641155,-1.1389551,-0.9436178,0.0042418884
0.006582029,-1.9641154,-1.1389551,-0.94361776,0.0042418884
0.006441015,-1.9641154,-1.1389551,-0.94361776,0.0042418884
0.0063385265,-1.9641155,-1.1389551,-0.9436178,0.0042418884
0.0062689083,-1.9641155,-1.1389551,-0.9436178,0.0042418884
0.006228502,-1.9641155,-1.1389551,-0.9436178,0.0042418884
0.006215254,-1.9641155,-1.1389551,-0.9436178,0.0042418884
0.006228502,-1.9641155,-1.1389551,-0.9436178,0.0042418884
0.0062689083,-1.9641155,-1.1389551,-0.9436178,0.0042418884
0.0063385265,-1.9641155,-1.1389551,-0.9436178,0.0042418884
0.006441015,-1.9641155,-1.1389551,-0.9436178,0.0042418884
0.0065820296,-1.9641155,-1.1389551,-0.9436178,0.0042418884
0.0067698644,-1.9641155,-1.1389551,-0.9436178,0.0042418884
0.0070164404,-1.9641155,-1.1389551,-0.9436178,0.0042418884
0.007338818,-1.9641155,-1.1389551,-0.9436178,0.0042418884
0.007761481,-1.9641155,-1.1389551,-0.9436178,0.0042418884
0.008319718,-1.9641155,-1.1389551,-0.9436178,0.0042418884
0.009064373,-1.9641155,-1.1389551,-0.9436178,0.0042418884
0.010067581,-1.9641155,-1.1389551,-0.9436178,0.0042418884
0.011426446,-1.9641155,-1.1389551,-0.9436178,0.0042418884
0.0132525945,-1.9641155,-1.1389551,-0.9436178,0.0042418884
0.0156125855,-1.9641155,-1.1389551,-0.9436178,0.0042418884
0.01835218,-1.9641155,-1.1389551,-0.9436178,0.0042418884
0.020808104,-1.9641155,-1.1389551,-0.9436178,0.0042418884
0.02184233,-1.9641155,-1.1389551,-0.9436178,0.0042418884
2.943286,-1.3020517,-0.7653085,-0.66917855,0.05323657
1.3768153,-1.3020517,-0.7653085,-0.66917855,0.05323657
0.5405198,-1.3020517,-0.7653085,-0.66917855,0.05323657
0.2794548,-1.3020517,-0.7653085,-0.66917855,0.05323657
0.17657226,-1.3020517,-0.7653085,-0.66917855,0.05323657
0.12812042,-1.3020517,-0.7653085,-0.66917855,0.05323657
0.10244741,-1.3020517,-0.7653085,-0.66917855,0.05323657
0.08767103,-1.3020517,-0.7653085,-0.66917855,0.05323657
0.07862334,-1.3020518,-0.7653085,-0.66917855,0.05323657
0.07280937,-1.3020518,-0.7653085,-0.66917855,0.05323657
0.068928085,-1.3020517,-0.7653085,-0.66917855,0.05323657
0.066259384,-1.3020517,-0.7653085,-0.66917855,0.05323657
0.06438527,-1.3020517,-0.7653085,-0.66917855,0.05323657
0.06305375,-1.3020517,-0.7653085,-0.66917855,0.05323657
0.062108397,-1.3020517,-0.7653085,-0.66917855,0.05323657
0.06145043,-1.3020517,-0.7653085,-0.66917855,0.05323657
0.06101743,-1.3020517,-0.7653085,-0.66917855,0.05323657
0.060771286,-1.3020517,-0.7653085,-0.66917855,0.05323657
0.06069141,-1.3020517,-0.7653085,-0.66917855,0.05323657
0.060771286,-1.3020517,-0.7653085,-0.66917855,0.05323657
0.06101743,-1.3020517,-0.7653085,-0.66917855,0.05323657
0.06145043,-1.3020517,-0.7653085,-0.66917855,0.05323657
0.062108394,-1.3020517,-0.7653085,-0.66917855,0.05323657
0.06305375,-1.3020517,-0.7653085,-0.66917855,0.05323657
0.06438527,-1.3020517,-0.7653085,-0.66917855,0.05323657
0.066259384,-1.3020517,-0.7653085,-0.66917855,0.05323657
0.068928085,-1.3020517,-0.7653085,-0.66917855,0.05323657
0.07280937,-1.3020517,-0.7653085,-0.66917855,0.05323657
0.078623325,-1.3020517,-0.7653085,-0.66917855,0.05323657
0.08767103,-1.3020517,-0.7653085,-0.66917855,0.05323657
0.10244739,-1.3020517,-0.7653085,-0.66917855,0.05323657
0.12812041,-1.3020517,-0.7653085,-0.66917855,0.05323657
0.1765722,-1.3020517,-0.7653085,-0.66917855,0.05323657
0.2794548,-1.3020517,-0.7653085,-0.66917855,0.05323657
0.5405188,-1.3020517,-0.7653085,-0.66917855,0.05323657
1.3768034,-1.3020517,-0.7653085,-0.66917855,0.05323657
2.943286,-1.3020517,-0.7653085,-0.66917855,0.05323657
0.1529549,-1.2767249,-0.74104774,-0.6520559,0.029579856
0.14077961,-1.2767249,-0.74104774,-0.6520559,0.029579856
0.11473892,-1.2767249,-0.74104774,-0.6520559,0.029579856
0.08990327,-1.2767249,-0.74104774,-0.6520559,0.029579865
0.07167931,-1.2767249,-0.74104774,-0.6520559,0.029579865
0.059475295,-1.2767249,-0.74104774,-0.6520559,0.029579856
0.051467746,-1.2767249,-0.74104774,-0.6520559,0.029579856
0.04616564,-1.2767249,-0.74104774,-0.6520559,0.029579856
0.042582616,-1.2767249,-0.74104774,-0.6520559,0.029579856
0.0401043,-1.2767249,-0.74104774,-0.6520559,0.029579856
0.038352042,-1.2767249,-0.74104774,-0.6520559,0.029579856
0.03709037,-1.2767249,-0.74104774,-0.6520559,0.029579856
0.036170416,-1.2767249,-0.74104774,-0.6520559,0.029579856
0.03549644,-1.2767249,-0.74104774,-0.6520559,0.029579856
0.035005953,-1.2767249,-0.74104774,-0.6520559,0.029579856
0.0346579,-1.2767249,-0.74104774,-0.6520559,0.029579856
0.03442555,-1.2767249,-0.74104774,-0.6520559,0.029579856
0.034292214,-1.2767249,-0.74104774,-0.6520559,0.029579856
0.03424874,-1.2767249,-0.74104774,-0.6520559,0.029579856
0.034292214,-1.2767249,-0.74104774,-0.6520559,0.029579856
0.03442555,-1.2767249,-0.74104774,-0.6520559,0.029579856
0.0346579,-1.2767249,-0.74104774,-0.6520559,0.029579856
0.035005953,-1.2767249,-0.74104774,-0.6520559,0.029579856
0.03549644,-1.2767249,-0.74104774,-0.6520559,0.029579856
0.036170416,-1.2767249,-0.74104774,-0.6520559,0.029579856
0.037090365,-1.2767249,-0.74104774,-0.6520559,0.029579856
0.038352042,-1.2767249,-0.74104774,-0.6520559,0.029579856
0.0401043,-1.2767249,-0.74104774,-0.6520559,0.029579856
0.04258261,-1.2767249,-0.74104774,-0.6520559,0.029579856
0.046165638,-1.2767249,-0.74104774,-0.6520559,0.029579856
0.05146774,-1.2767249,-0.74104774,-0.6520559,0.029579856
0.059475273,-1.2767249,-0.74104774,-0.6520559,0.029579856
0.07167928,-1.2767249,-0.74104774,-0.6520559,0.029579856
0.08990322,-1.2767249,-0.74104774,-0.6520559,0.029579856
0.11473885,-1.2767249,-0.74104774,-0.6520559,0.029579856
0.14077963,-1.2767249,-0.74104774,-0.6520559,0.029579865
0.15295492,-1.2767249,-0.74104774,-0.6520559,0.029579865
0.06281586,-1.419775,-0.819435,-0.6926156,0.023012288
0.061732665,-1.419775,-0.819435,-0.6926156,0.023012288
0.058801245,-1.419775,-0.819435,-0.6926156,0.023012288
0.05477364,-1.419775,-0.819435,-0.6926156,0.023012288
0.05043575,-1.419775,-0.819435,-0.6926156,0.023012288
0.04634027,-1.419775,-0.819435,-0.6926156,0.023012288
0.042762812,-1.419775,-0.819435,-0.6926156,0.023012288
0.039778665,-1.419775,-0.819435,-0.6926156,0.023012288
0.037355147,-1.419775,-0.819435,-0.6926156,0.023012288
0.03541652,-1.419775,-0.819435,-0.6926156,0.023012288
0.033879332,-1.419775,-0.819435,-0.6926156,0.023012288
0.032668084,-1.419775,-0.819435,-0.6926156,0.023012288
0.031720303,-1.419775,-0.819435,-0.6926156,0.023012288
0.030986805,-1.419775,-0.819435,-0.6926156,0.023012288
0.030430127,-1.419775,-0.819435,-0.6926156,0.023012288
0.03002256,-1.419775,-0.819435,-0.6926156,0.023012288
0.029744375,-1.419775,-0.819435,-0.6926156,0.023012288
0.029582452,-1.419775,-0.819435,-0.6926156,0.023012288
0.029529292,-1.419775,-0.819435,-0.6926156,0.023012288
0.029582452,-1.419775,-0.819435,-0.6926156,0.023012288
0.029744375,-1.419775,-0.819435,-0.6926156,0.023012288
0.03002256,-1.419775,-0.819435,-0.6926156,0.023012288
0.030430127,-1.419775,-0.819435,-0.6926156,0.023012288
0.030986805,-1.419775,-0.819435,-0.6926156,0.023012288
0.031720303,-1.419775,-0.819435,-0.6926156,0.023012288
0.032668084,-1.419775,-0.819435,-0.6926156,0.023012288
0.033879332,-1.419775,-0.819435,-0.6926156,0.023012288
0.03541652,-1.419775,-0.819435,-0.6926156,0.023012288
0.037355147,-1.419775,-0.819435,-0.6926156,0.023012288
0.03977865,-1.419775,-0.819435,-0.6926156,0.023012288
0.042762812,-1.419775,-0.81943494,-0.6926157,0.023012295
0.04634028,-1.419775,-0.81943494,-0.6926157,0.023012295
0.050435737,-1.419775,-0.819435,-0.6926156,0.023012288
0.054773632,-1.419775,-0.819435,-0.6926156,0.023012288
0.058801234,-1.419775,-0.819435,-0.6926156,0.023012288
0.061732665,-1.419775,-0.819435,-0.6926156,0.023012288
0.06281586,-1.419775,-0.819435,-0.6926156,0.023012288
0.10924302,-1.6037844,-0.93343127,-0.7899285,0.025142185
0.09995971,-1.6037844,-0.93343127,-0.7899285,0.025142185
0.081150234,-1.6037844,-0.93343127,-0.7899285,0.025142185
0.06434217,-1.6037844,-0.93343127,-0.7899285,0.025142185
0.052546494,-1.6037844,-0.93343127,-0.7899285,0.025142185
0.044805378,-1.6037844,-0.93343127,-0.7899285,0.025142185
0.039742596,-1.6037844,-0.93343127,-0.7899285,0.025142185
0.036370136,-1.6037844,-0.93343127,-0.7899285,0.025142185
0.034068312,-1.6037844,-0.93343127,-0.7899285,0.025142185
0.03245888,-1.6037844,-0.93343127,-0.7899285,0.025142185
0.031309433,-1.6037844,-0.93343127,-0.7899285,0.025142185
0.030474603,-1.6037844,-0.93343127,-0.7899285,0.025142185
0.029861595,-1.6037844,-0.93343127,-0.7899285,0.025142185
0.029410029,-1.6037844,-0.93343127,-0.7899285,0.025142185
0.029080054,-1.6037844,-0.93343127,-0.7899285,0.025142185
0.028845213,-1.6037844,-0.93343127,-0.7899285,0.025142185
0.028688129,-1.6037844,-0.93343127,-0.7899285,0.025142185
0.028597873,-1.6037844,-0.93343127,-0.7899285,0.025142185
0.028568428,-1.6037844,-0.93343127,-0.7899285,0.025142185
0.028597873,-1.6037844,-0.93343127,-0.7899285,0.025142185
0.028688129,-1.6037844,-0.93343127,-0.7899285,0.025142185
0.028845213,-1.6037844,-0.93343127,-0.7899285,0.025142185
0.029080054,-1.6037844,-0.93343127,-0.7899285,0.025142185
0.029410029,-1.6037844,-0.93343127,-0.7899285,0.025142185
0.029861595,-1.6037844,-0.93343127,-0.7899285,0.025142185
0.030474622,-1.6037842,-0.9334312,-0.7899285,0.025142204
0.031309444,-1.6037842,-0.9334312,-0.7899285,0.025142204
0.03245888,-1.6037844,-0.93343127,-0.7899285,0.025142185
0.034068312,-1.6037844,-0.93343127,-0.7899285,0.025142185
0.036370136,-1.6037844,-0.93343127,-0.7899285,0.025142185
0.039742593,-1.6037844,-0.93343127,-0.7899285,0.025142185
0.044805367,-1.6037844,-0.93343127,-0.7899285,0.025142185
0.052546486,-1.6037844,-0.93343127,-0.7899285,0.025142185
0.06434217,-1.6037844,-0.93343127,-0.7899285,0.025142185
0.08115024,-1.6037844,-0.93343127,-0.7899285,0.025142185
0.09995964,-1.6037844,-0.93343127,-0.7899285,0.025142185
0.10924302,-1.6037844,-0.93343127,-0.7899285,0.025142185
0.00089715305,-1.8526229,-1.0555028,-0.91312927,0.0005753718
0.0009319666,-1.8526229,-1.0555028,-0.91312927,0.0005753718
0.0010258835,-1.8526229,-1.0555028,-0.91312927,0.0005753718
0.0011530779,-1.8526229,-1.0555028,-0.91312927,0.0005753718
0.0012848189,-1.8526229,-1.0555028,-0.91312927,0.0005753718
0.0013996274,-1.8526229,-1.0555028,-0.91312927,0.0005753718
0.0014867547,-1.8526229,-1.0555028,-0.91312927,0.0005753718
0.001544433,-1.8526229,-1.0555028,-0.91312927,0.0005753718
0.0015762729,-1.8526229,-1.0555028,-0.91312927,0.0005753718
0.0015880885,-1.8526229,-1.0555028,-0.91312927,0.0005753718
0.001585891,-1.8526229,-1.0555028,-0.91312927,0.0005753718
0.0015749227,-1.8526229,-1.0555028,-0.91312927,0.0005753718
0.001559347,-1.8526229,-1.0555028,-0.91312927,0.0005753718
0.0015422857,-1.8526229,-1.0555028,-0.91312927,0.0005753718
0.0015259827,-1.8526229,-1.0555028,-0.91312927,0.0005753718
0.0015119954,-1.8526229,-1.0555028,-0.91312927,0.0005753718
0.0015013667,-1.8526229,-1.0555028,-0.91312927,0.0005753718
0.0014947511,-1.8526229,-1.0555028,-0.91312927,0.0005753718
0.001492508,-1.8526229,-1.0555028,-0.91312927,0.0005753718
0.0014947511,-1.8526229,-1.0555028,-0.91312927,0.0005753718
0.0015013705,-1.8526229,-1.0555028,-0.91312927,0.0005753755
0.0015119994,-1.8526229,-1.0555028,-0.91312927,0.0005753755
0.0015259827,-1.8526229,-1.0555028,-0.91312927,0.0005753718
0.0015422857,-1.8526229,-1.0555028,-0.91312927,0.0005753718
0.001559347,-1.8526229,-1.0555028,-0.91312927,0.0005753718
0.0015749227,-1.8526229,-1.0555028,-0.91312927,0.0005753718
0.001585891,-1.8526229,-1.0555028,-0.91312927,0.0005753718
0.0015880886,-1.8526229,-1.0555028,-0.91312927,0.0005753718
0.0015762729,-1.8526229,-1.0555028,-0.91312927,0.0005753718
0.001544433,-1.8526229,-1.0555028,-0.91312927,0.0005753718
0.001486755,-1.8526229,-1.0555028,-0.91312927,0.0005753718
0.0013996274,-1.8526229,-1.0555028,-0.91312927,0.0005753718
0.0012848193,-1.8526229,-1.0555028,-0.91312927,0.0005753718
0.0011530782,-1.8526229,-1.0555028,-0.91312927,0.0005753718
0.0010258844,-1.8526229,-1.0555028,-0.91312927,0.0005753718
0.0009319668,-1.8526229,-1.0555028,-0.91312927,0.0005753718
0.00089715305,-1.8526229,-1.0555028,-0.91312927,0.0005753718
0.02257004,-1.6032718,-0.923097,-0.7808623,0.008585413
0.02224285,-1.6032718,-0.923097,-0.7808623,0.008585413
0.021354336,-1.6032718,-0.923097,-0.7808623,0.008585413
0.020124765,-1.6032718,-0.923097,-0.7808623,0.008585413
0.018785398,-1.6032718,-0.923097,-0.7808623,0.008585413
0.01750125,-1.6032718,-0.923097,-0.7808623,0.008585413
0.016358046,-1.6032718,-0.923097,-0.7808623,0.008585413
0.015383616,-1.6032718,-0.923097,-0.7808623,0.008585413
0.01457374,-1.6032718,-0.923097,-0.7808623,0.008585413
0.013910465,-1.6032718,-0.923097,-0.7808623,0.008585413
0.013372288,-1.6032718,-0.923097,-0.7808623,0.008585413
0.012938919,-1.6032718,-0.923097,-0.7808623,0.008585413
0.0125930365,-1.6032718,-0.923097,-0.7808623,0.008585413
0.012320637,-1.6032718,-0.923097,-0.7808623,0.008585413
0.012110813,-1.6032718,-0.923097,-0.7808623,0.008585413
0.011955347,-1.6032718,-0.923097,-0.78086215,0.008585428
0.011848256,-1.6032718,-0.923097,-0.78086215,0.008585428
0.011785524,-1.6032718,-0.923097,-0.7808623,0.008585413
0.01176487,-1.6032718,-0.923097,-0.7808623,0.008585413
0.011785524,-1.6032718,-0.923097,-0.7808623,0.008585413
0.011848241,-1.6032718,-0.923097,-0.7808623,0.008585413
0.011955332,-1.6032718,-0.923097,-0.7808623,0.008585413
0.012110813,-1.6032718,-0.923097,-0.7808623,0.008585413
0.012320637,-1.6032718,-0.923097,-0.7808623,0.008585413
0.0125930365,-1.6032718,-0.923097,-0.7808623,0.008585413
0.012938919,-1.6032718,-0.923097,-0.7808623,0.008585413
0.013372287,-1.6032718,-0.923097,-0.7808623,0.008585413
0.013910465,-1.6032718,-0.923097,-0.7808623,0.008585413
0.014573741,-1.6032718,-0.923097,-0.7808623,0.008585413
0.015383612,-1.6032718,-0.923097,-0.7808623,0.008585413
0.016358042,-1.6032718,-0.923097,-0.7808623,0.008585413
0.017501246,-1.6032718,-0.923097,-0.7808623,0.008585413
0.018785395,-1.6032718,-0.923097,-0.7808623,0.008585413
0.02012476,-1.6032718,-0.923097,-0.7808623,0.008585413
0.021354333,-1.6032718,-0.923097,-0.7808623,0.008585413
0.022242844,-1.6032718,-0.923097,-0.7808623,0.008585413
0.02257004,-1.6032718,-0.923097,-0.7808623,0.008585413
0.016422857,-2.041943,-1.181674,-0.9671137,0.0038090467
0.015983796,-2.041943,-1.181674,-0.9671137,0.0038090467
0.014847488,-2.041943,-1.181674,-0.9671137,0.0038090467
0.013397313,-2.041943,-1.181674,-0.9671137,0.0038090467
0.011958601,-2.041943,-1.181674,-0.9671137,0.0038090467
0.010698137,-2.041943,-1.181674,-0.9671137,0.0038090467
0.009660942,-2.041943,-1.181674,-0.9671137,0.0038090467
0.0088324,-2.041943,-1.181674,-0.9671137,0.0038090467
0.0081785675,-2.041943,-1.181674,-0.9671137,0.0038090467
0.007664487,-2.041943,-1.181674,-0.9671137,0.0038090467
0.007260441,-2.041943,-1.181674,-0.96711373,0.003809028
0.0069430936,-2.041943,-1.181674,-0.96711373,0.003809028
0.006694697,-2.041943,-1.181674,-0.9671137,0.0038090467
0.0065019894,-2.041943,-1.181674,-0.9671137,0.0038090467
0.0063552614,-2.041943,-1.181674,-0.9671137,0.0038090467
0.0062474804,-2.041943,-1.181674,-0.9671137,0.0038090467
0.0061737048,-2.041943,-1.181674,-0.9671137,0.0038090467
0.006130673,-2.041943,-1.181674,-0.9671137,0.0038090467
0.00611653,-2.041943,-1.181674,-0.9671137,0.0038090467
0.006130673,-2.041943,-1.181674,-0.9671137,0.0038090467
0.0061737048,-2.041943,-1.181674,-0.9671137,0.0038090467
0.0062474795,-2.041943,-1.181674,-0.9671137,0.0038090467
0.0063552614,-2.041943,-1.181674,-0.9671137,0.0038090467
0.0065019894,-2.041943,-1.181674,-0.9671137,0.0038090467
0.006694697,-2.041943,-1.181674,-0.9671137,0.0038090467
0.0069431113,-2.041943,-1.181674,-0.9671137,0.0038090467
0.00726046,-2.041943,-1.181674,-0.9671137,0.0038090467
0.0076644877,-2.041943,-1.181674,-0.9671137,0.0038090467
0.008178566,-2.041943,-1.181674,-0.9671137,0.0038090467
0.008832397,-2.041943,-1.181674,-0.9671137,0.0038090467
0.009660939,-2.041943,-1.181674,-0.9671137,0.0038090467
0.010698138,-2.041943,-1.181674,-0.9671137,0.0038090467
0.011958602,-2.041943,-1.181674,-0.9671137,0.0038090467
0.013397314,-2.041943,-1.181674,-0.9671137,0.0038090467
0.01484749,-2.041943,-1.181674,-0.9671137,0.0038090467
0.015983792,-2.041943,-1.181674,-0.9671137,0.0038090467
0.016422857,-2.041943,-1.181674,-0.9671137,0.0038090467
0.6274589,-1.1006459,-0.6418736,-0.57740504,0.046869118
0.52339,-1.1006459,-0.6418736,-0.57740504,0.046869118
0.34859964,-1.1006459,-0.6418736,-0.57740504,0.046869118
0.22546047,-1.1006459,-0.6418736,-0.57740504,0.046869118
0.15502217,-1.1006459,-0.6418736,-0.57740504,0.046869118
0.11577359,-1.1006459,-0.6418735,-0.57740504,0.046869125
0.09328221,-1.1006459,-0.6418735,-0.57740504,0.046869125
0.07983334,-1.1006459,-0.6418736,-0.57740504,0.046869118
0.07143102,-1.1006459,-0.6418736,-0.57740504,0.046869118
0.06596576,-1.1006459,-0.6418736,-0.57740504,0.046869118
0.062285364,-1.1006459,-0.6418736,-0.57740504,0.046869118
0.05973635,-1.1006459,-0.6418736,-0.57740504,0.046869118
0.057934493,-1.1006459,-0.6418736,-0.57740504,0.046869118
0.056646515,-1.1006459,-0.6418736,-0.57740504,0.046869118
0.05572705,-1.1006459,-0.6418736,-0.57740504,0.046869118
0.055084072,-1.1006459,-0.6418736,-0.57740504,0.046869118
0.054659344,-1.1006459,-0.6418736,-0.57740504,0.046869118
0.054417267,-1.1006459,-0.6418736,-0.57740504,0.046869118
0.054338604,-1.1006459,-0.6418736,-0.57740504,0.046869118
0.054417267,-1.1006459,-0.6418736,-0.57740504,0.046869118
0.054659344,-1.1006459,-0.6418736,-0.57740504,0.046869118
0.055084072,-1.1006459,-0.6418736,-0.57740504,0.046869118
0.05572705,-1.1006459,-0.6418736,-0.57740504,0.046869118
0.056646515,-1.1006459,-0.6418736,-0.57740504,0.046869118
0.057934493,-1.1006459,-0.6418736,-0.57740504,0.046869118
0.05973635,-1.1006459,-0.6418736,-0.57740504,0.046869118
0.062285364,-1.1006459,-0.6418736,-0.57740504,0.046869118
0.06596576,-1.1006459,-0.6418736,-0.57740504,0.046869118
0.071431,-1.1006459,-0.6418736,-0.57740504,0.046869118
0.07983334,-1.1006459,-0.6418736,-0.57740504,0.046869118
0.09328221,-1.1006459,-0.6418736,-0.57740504,0.046869118
0.11577353,-1.1006459,-0.6418736,-0.57740504,0.046869118
0.15502216,-1.1006459,-0.6418736,-0.57740504,0.046869118
0.22546038,-1.1006459,-0.6418736,-0.57740504,0.046869118
0.3485993,-1.1006459,-0.6418736,-0.57740504,0.046869118
0.5233893,-1.1006459,-0.6418736,-0.57740504,0.046869118
0.6274589,-1.1006459,-0.6418736,-0.57740504,0.046869118
0.00028324127,-2.395728,-1.378757,-1.1278924,-0.0010558136
0.00028602546,-2.395728,-1.378757,-1.1278924,-0.0010558136
0.00029236812,-2.395728,-1.3787571,-1.1278925,-0.0010558323
0.0002975762,-2.395728,-1.3787571,-1.1278925,-0.0010558323
0.00029679795,-2.395728,-1.3787571,-1.1278925,-0.0010558323
0.00028713373,-2.395728,-1.3787571,-1.1278925,-0.0010558323
0.00026814197,-2.395728,-1.3787571,-1.1278925,-0.0010558323
0.00024125306,-2.395728,-1.3787571,-1.1278925,-0.0010558323
0.00020885095,-2.395728,-1.3787571,-1.1278925,-0.0010558323
0.0001735217,-2.395728,-1.3787571,-1.1278925,-0.0010558323
0.00013759919,-2.395728,-1.3787571,-1.1278925,-0.0010558323
0.00010298053,-2.395728,-1.3787571,-1.1278925,-0.0010558323
7.109833e-05,-2.395728,-1.3787571,-1.1278925,-0.0010558323
4.2975298e-05,-2.395728,-1.3787571,-1.1278925,-0.0010558323
1.9309577e-05,-2.395728,-1.3787571,-1.1278925,-0.0010558323
5.578622e-07,-2.395728,-1.3787571,-1.1278925,-0.0010558323
-1.2995675e-05,-2.395728,-1.3787571,-1.1278925,-0.0010558323
-2.1185027e-05,-2.395728,-1.3787571,-1.1278925,-0.0010558323
-2.3923116e-05,-2.395728,-1.3787571,-1.1278925,-0.0010558323
-2.1185027e-05,-2.395728,-1.3787571,-1.1278925,-0.0010558323
-1.2995675e-05,-2.395728,-1.3787571,-1.1278925,-0.0010558323
5.578622e-07,-2.395728,-1.3787571,-1.1278925,-0.0010558323
1.9309577e-05,-2.395728,-1.3787571,-1.1278925,-0.0010558323
4.2975298e-05,-2.395728,-1.3787571,-1.1278925,-0.0010558323
7.109833e-05,-2.395728,-1.3787571,-1.1278925,-0.0010558323
0.000102980644,-2.395728,-1.3787571,-1.1278925,-0.0010558323
0.00013759919,-2.395728,-1.3787571,-1.1278925,-0.0010558323
0.00017352181,-2.395728,-1.3787571,-1.1278925,-0.0010558323
0.00020885118,-2.395728,-1.3787571,-1.1278925,-0.0010558323
0.0002412526,-2.395728,-1.3787571,-1.1278925,-0.0010558323
0.0002681421,-2.395728,-1.3787571,-1.1278925,-0.0010558323
0.0002871342,-2.395728,-1.3787571,-1.1278925,-0.0010558323
0.0002968168,-2.395728,-1.378757,-1.1278924,-0.0010558136
0.00029759493,-2.395728,-1.378757,-1.1278924,-0.0010558136
0.00029236847,-2.395728,-1.3787571,-1.1278925,-0.0010558323
0.00028600683,-2.395728,-1.3787571,-1.1278925,-0.0010558323
0.00028322265,-2.395728,-1.3787571,-1.1278925,-0.0010558323
0.018176528,-1.7399589,-1.0060014,-0.8539788,0.0033331818
0.017413048,-1.7399589,-1.0060014,-0.8539788,0.0033331818
0.015554211,-1.7399589,-1.0060014,-0.8539788,0.0033331818
0.013399891,-1.7399589,-1.0060014,-0.8539788,0.0033331818
0.011469987,-1.7399589,-1.0060014,-0.8539788,0.0033331818
0.00992506,-1.7399589,-1.0060014,-0.8539788,0.0033331818
0.008743359,-1.7399589,-1.0060014,-0.8539788,0.0033331818
0.007851649,-1.7399589,-1.0060014,-0.8539788,0.0033331818
0.007178178,-1.7399589,-1.0060014,-0.8539788,0.0033331818
0.006666274,-1.7399589,-1.0060014,-0.8539788,0.0033331818
0.0062743677,-1.7399589,-1.0060014,-0.8539788,0.0033331818
0.0059727617,-1.7399589,-1.0060014,-0.8539788,0.0033331818
0.0057403976,-1.7399589,-1.0060014,-0.8539788,0.0033331818
0.0055623553,-1.7399589,-1.0060014,-0.8539788,0.0033331818
0.005428073,-1.7399589,-1.0060014,-0.8539788,0.0033331818
0.0053301277,-1.7399589,-1.0060014,-0.8539788,0.0033331818
0.0052634226,-1.7399589,-1.0060014,-0.8539788,0.0033331818
0.0052246395,-1.7399589,-1.0060014,-0.8539788,0.0033331818
0.0052119135,-1.7399589,-1.0060014,-0.8539788,0.0033331818
0.0052246395,-1.7399589,-1.0060014,-0.8539788,0.0033331818
0.0052634226,-1.7399589,-1.0060014,-0.8539788,0.0033331818
0.0053301277,-1.7399589,-1.0060014,-0.8539788,0.0033331818
0.0054280725,-1.7399589,-1.0060014,-0.8539788,0.0033331818
0.0055623553,-1.7399589,-1.0060014,-0.8539788,0.0033331818
0.0057403976,-1.7399589,-1.0060014,-0.8539788,0.0033331818
0.0059727617,-1.7399589,-1.0060014,-0.8539788,0.0033331818
0.0062743677,-1.7399589,-1.0060014,-0.8539788,0.0033331818
0.0066662924,-1.739959,-1.0060014,-0.8539788,0.0033332005
0.0071781967,-1.739959,-1.0060014,-0.8539788,0.0033332005
0.007851648,-1.7399589,-1.0060014,-0.8539788,0.0033331818
0.008743357,-1.7399589,-1.0060014,-0.8539788,0.0033331818
0.009925062,-1.7399589,-1.0060014,-0.8539788,0.0033331818
0.011469986,-1.7399589,-1.0060014,-0.8539788,0.0033331818
0.0133998925,-1.7399589,-1.0060014,-0.8539788,0.0033331818
0.015554209,-1.7399589,-1.0060014,-0.8539788,0.0033331818
0.01741305,-1.7399589,-1.0060014,-0.8539788,0.0033331818
0.018176528,-1.7399589,-1.0060014,-0.8539788,0.0033331818
0.009654491,-1.3042269,-0.7381964,-0.6959925,-0.002604955
0.00922956,-1.3042269,-0.7381964,-0.6959925,-0.002604955
0.008121493,-1.3042269,-0.7381964,-0.6959925,-0.002604955
0.0066887895,-1.3042269,-0.7381964,-0.6959925,-0.002604955
0.0052457834,-1.3042269,-0.7381964,-0.6959925,-0.002604955
0.003963395,-1.3042269,-0.7381964,-0.6959925,-0.002604955
0.0028953853,-1.3042269,-0.7381964,-0.6959925,-0.002604955
0.002033932,-1.3042269,-0.7381964,-0.6959925,-0.002604955
0.0013487728,-1.3042269,-0.7381964,-0.6959925,-0.002604955
0.00080646784,-1.3042269,-0.7381964,-0.6959925,-0.002604955
0.00037768623,-1.3042269,-0.7381964,-0.6959925,-0.002604955
3.896444e-05,-1.3042269,-0.7381964,-0.6959925,-0.002604955
-0.00022765924,-1.3042269,-0.7381964,-0.6959925,-0.002604955
-0.00043560425,-1.3042269,-0.7381964,-0.6959925,-0.002604955
-0.0005947284,-1.3042269,-0.7381964,-0.6959925,-0.002604955
-0.00071213476,-1.3042269,-0.7381964,-0.6959925,-0.002604955
-0.0007927867,-1.3042269,-0.7381964,-0.6959925,-0.002604955
-0.00083994854,-1.3042269,-0.7381964,-0.6959925,-0.002604955
-0.00085546926,-1.3042269,-0.7381964,-0.6959925,-0.002604955
-0.0008399484,-1.3042269,-0.7381964,-0.6959925,-0.002604955
-0.0007927865,-1.3042269,-0.7381964,-0.6959925,-0.002604955
-0.00071213464,-1.3042269,-0.7381964,-0.6959925,-0.002604955
-0.0005947442,-1.304227,-0.7381964,-0.6959925,-0.00260497
-0.00043561915,-1.304227,-0.7381964,-0.6959925,-0.00260497
-0.00022765924,-1.3042269,-0.7381964,-0.6959925,-0.002604955
3.8963975e-05,-1.3042269,-0.7381964,-0.6959925,-0.002604955
0.00037768646,-1.3042269,-0.7381964,-0.6959925,-0.002604955
0.00080646784,-1.3042269,-0.7381964,-0.6959925,-0.002604955
0.0013487733,-1.3042269,-0.7381964,-0.6959925,-0.002604955
0.00203393,-1.3042269,-0.7381964,-0.6959925,-0.002604955
0.002895383,-1.3042269,-0.7381964,-0.6959925,-0.002604955
0.003963394,-1.3042269,-0.7381964,-0.6959925,-0.002604955
0.0052457806,-1.3042269,-0.7381964,-0.6959925,-0.002604955
0.0066887913,-1.3042269,-0.7381964,-0.6959925,-0.002604955
0.008121484,-1.3042269,-0.7381964,-0.6959925,-0.002604955
0.009229549,-1.3042269,-0.7381964,-0.6959925,-0.002604955
0.009654491,-1.3042269,-0.7381964,-0.6959925,-0.002604955
0.5294786,-0.9244921,-0.5362006,-0.4893281,0.047580283
0.4850642,-0.9244921,-0.5362006,-0.4893281,0.047580283
0.38626337,-0.9244921,-0.5362006,-0.4893281,0.047580283
0.28746155,-0.9244921,-0.5362006,-0.4893281,0.047580283
0.2126914,-0.9244921,-0.5362006,-0.4893281,0.047580283
0.16210617,-0.9244921,-0.5362006,-0.4893281,0.047580283
0.12907057,-0.9244921,-0.5362006,-0.4893281,0.047580283
0.107480854,-0.9244921,-0.5362006,-0.4893281,0.047580283
0.09313485,-0.9244921,-0.5362006,-0.4893281,0.047580283
0.08338672,-0.9244921,-0.5362006,-0.4893281,0.047580283
0.07661109,-0.9244921,-0.5362006,-0.4893281,0.047580283
0.07180744,-0.9244921,-0.5362006,-0.4893281,0.047580283
0.068351805,-0.9244921,-0.5362006,-0.4893281,0.047580283
0.06584871,-0.9244921,-0.5362006,-0.4893281,0.047580283
0.06404376,-0.9244921,-0.5362006,-0.4893281,0.047580283
0.062772065,-0.9244921,-0.5362006,-0.4893281,0.047580283
0.061927516,-0.9244921,-0.5362006,-0.4893281,0.047580283
0.0614445,-0.92449224,-0.5362006,-0.48932812,0.04758028
0.061287273,-0.92449224,-0.5362006,-0.48932812,0.04758028
0.0614445,-0.9244921,-0.5362006,-0.4893281,0.047580283
0.06192752,-0.9244921,-0.5362006,-0.4893281,0.047580283
0.062772065,-0.9244921,-0.5362006,-0.4893281,0.047580283
0.06404375,-0.9244921,-0.5362006,-0.4893281,0.047580283
0.06584871,-0.9244921,-0.5362006,-0.4893281,0.047580283
0.068351805,-0.9244921,-0.5362006,-0.4893281,0.047580283
0.07180744,-0.9244921,-0.5362006,-0.4893281,0.047580283
0.07661109,-0.9244921,-0.5362006,-0.4893281,0.047580283
0.08338672,-0.9244921,-0.5362006,-0.4893281,0.047580283
0.09313482,-0.9244921,-0.5362006,-0.4893281,0.047580283
0.10748081,-0.9244921,-0.5362006,-0.4893281,0.047580283
0.1290705,-0.9244921,-0.5362006,-0.4893281,0.047580283
0.16210614,-0.9244921,-0.5362006,-0.4893281,0.047580283
0.21269126,-0.9244921,-0.5362006,-0.4893281,0.047580283
0.28746146,-0.9244921,-0.5362006,-0.4893281,0.047580283
0.38626283,-0.9244921,-0.5362006,-0.4893281,0.047580283
0.4850637,-0.9244921,-0.5362006,-0.4893281,0.047580283
0.5294786,-0.9244921,-0.5362006,-0.4893281,0.047580283
-0.0012933062,-2.2139807,-1.2767048,-1.0505311,-0.004649251
-0.0013466382,-2.2139807,-1.2767048,-1.0505311,-0.004649251
-0.0014920547,-2.2139807,-1.2767048,-1.0505311,-0.004649251
-0.0016955959,-2.2139807,-1.2767048,-1.0505311,-0.004649251
-0.0019222898,-2.2139807,-1.2767048,-1.0505311,-0.004649251
-0.0021471991,-2.2139807,-1.2767048,-1.0505311,-0.004649251
-0.0023564827,-2.2139807,-1.2767048,-1.0505311,-0.004649251
-0.0025441307,-2.2139807,-1.2767048,-1.0505311,-0.004649251
-0.002708565,-2.2139807,-1.2767048,-1.0505311,-0.004649251
-0.002850397,-2.2139807,-1.2767048,-1.0505311,-0.004649251
-0.0029711742,-2.2139807,-1.2767048,-1.0505311,-0.004649251
-0.003072741,-2.2139807,-1.2767048,-1.0505311,-0.004649251
-0.0031569223,-2.2139807,-1.2767047,-1.050531,-0.0046492545
-0.0032253573,-2.2139807,-1.2767047,-1.050531,-0.0046492545
-0.0032794536,-2.2139807,-1.2767048,-1.0505311,-0.004649251
-0.0033203647,-2.2139807,-1.2767048,-1.0505311,-0.004649251
-0.0033489687,-2.2139807,-1.2767048,-1.0505311,-0.004649251
-0.0033658848,-2.2139807,-1.2767048,-1.0505311,-0.004649251
-0.003371483,-2.2139807,-1.2767048,-1.0505311,-0.004649251
-0.0033658848,-2.2139807,-1.2767048,-1.0505311,-0.004649251
-0.0033489685,-2.2139807,-1.2767048,-1.0505311,-0.004649251
-0.0033203647,-2.2139807,-1.2767048,-1.0505311,-0.004649251
-0.0032794536,-2.2139807,-1.2767048,-1.0505311,-0.004649251
-0.0032253533,-2.2139807,-1.2767048,-1.0505311,-0.004649251
-0.0031569183,-2.2139807,-1.2767048,-1.0505311,-0.004649251
-0.0030727414,-2.2139807,-1.2767048,-1.0505311,-0.004649251
-0.0029711742,-2.2139807,-1.2767048,-1.0505311,-0.004649251
-0.0028503966,-2.2139807,-1.2767048,-1.0505311,-0.004649251
-0.0027085661,-2.2139807,-1.2767048,-1.0505311,-0.004649251
-0.002544131,-2.2139807,-1.2767048,-1.0505311,-0.004649251
-0.0023564827,-2.2139807,-1.2767048,-1.0505311,-0.004649251
-0.0021471994,-2.2139807,-1.2767048,-1.0505311,-0.004649251
-0.0019222922,-2.2139807,-1.2767048,-1.0505311,-0.004649251
-0.0016955964,-2.2139807,-1.2767048,-1.0505311,-0.004649251
-0.0014920551,-2.2139807,-1.2767048,-1.0505311,-0.004649251
-0.0013466391,-2.2139807,-1.2767048,-1.0505311,-0.004649251
-0.0012933062,-2.2139807,-1.2767048,-1.0505311,-0.004649251
-2.3094937e-05,-2.3806248,-1.3706455,-1.1200122,-0.0016671151
-2.5796471e-05,-2.3806248,-1.3706455,-1.1200122,-0.0016671151
-3.4788623e-05,-2.3806248,-1.3706455,-1.1200122,-0.0016671151
-5.1984913e-05,-2.3806248,-1.3706455,-1.1200122,-0.0016671151
-7.879629e-05,-2.3806248,-1.3706455,-1.1200122,-0.0016671151
-0.00011511182,-2.3806248,-1.3706455,-1.1200122,-0.0016671151
-0.00015927968,-2.3806248,-1.3706455,-1.1200122,-0.0016671151
-0.00020873162,-2.3806248,-1.3706454,-1.1200122,-0.0016671338
-0.00026060164,-2.3806248,-1.3706454,-1.1200122,-0.0016671338
-0.00031230622,-2.3806248,-1.3706455,-1.1200122,-0.0016671151
-0.00036178285,-2.3806248,-1.3706455,-1.1200122,-0.0016671151
-0.00040744198,-2.3806248,-1.3706455,-1.1200122,-0.0016671151
-0.00044818874,-2.3806248,-1.3706455,-1.1200122,-0.0016671151
-0.00048330717,-2.3806248,-1.3706455,-1.1200122,-0.0016671151
-0.00051235815,-2.3806248,-1.3706455,-1.1200122,-0.0016671151
-0.00053509383,-2.3806248,-1.3706455,-1.1200122,-0.0016671151
-0.0005513856,-2.3806248,-1.3706455,-1.1200122,-0.0016671151
-0.00056117517,-2.3806248,-1.3706455,-1.1200122,-0.0016671151
-0.0005644406,-2.3806248,-1.3706455,-1.1200122,-0.0016671151
-0.00056117517,-2.3806248,-1.3706455,-1.1200122,-0.0016671151
-0.0005513856,-2.3806248,-1.3706455,-1.1200122,-0.0016671151
-0.00053509406,-2.3806248,-1.3706455,-1.1200122,-0.0016671151
-0.00051235827,-2.3806248,-1.3706455,-1.1200122,-0.0016671151
-0.00048330717,-2.3806248,-1.3706455,-1.1200122,-0.0016671151
-0.00044818874,-2.3806248,-1.3706455,-1.1200122,-0.0016671151
-0.00040744187,-2.3806248,-1.3706455,-1.1200122,-0.0016671151
-0.00036178273,-2.3806248,-1.3706455,-1.1200122,-0.0016671151
-0.0003123061,-2.3806248,-1.3706455,-1.1200122,-0.0016671151
-0.0002605829,-2.3806248,-1.3706455,-1.1200122,-0.0016671151
-0.00020871323,-2.3806248,-1.3706455,-1.1200122,-0.0016671151
-0.00015927991,-2.3806248,-1.3706455,-1.1200122,-0.0016671151
-0.00011511147,-2.3806248,-1.3706455,-1.1200122,-0.0016671151
-7.879594e-05,-2.3806248,-1.3706455,-1.1200122,-0.0016671151
-5.1985844e-05,-2.3806248,-1.3706455,-1.1200122,-0.0016671151
-3.478804e-05,-2.3806248,-1.3706455,-1.1200122,-0.0016671151
-2.5796006e-05,-2.3806248,-1.3706455,-1.1200122,-0.0016671151
-2.3094937e-05,-2.3806248,-1.3706455,-1.1200122,-0.0016671151
0.1563333,-1.06818,-0.61578226,-0.5507954,0.0315385
0.14967404,-1.06818,-0.61578226,-0.5507954,0.0315385
0.13304797,-1.06818,-0.61578226,-0.5507954,0.031538505
0.11314218,-1.06818,-0.61578226,-0.5507954,0.031538505
0.09492908,-1.06818,-0.61578226,-0.5507954,0.0315385
0.08032653,-1.06818,-0.61578226,-0.5507954,0.0315385
0.0693428,-1.06818,-0.61578226,-0.5507954,0.0315385
0.061296947,-1.06818,-0.61578226,-0.5507954,0.0315385
0.055439956,-1.06818,-0.61578226,-0.5507954,0.0315385
0.051159598,-1.06818,-0.61578226,-0.5507954,0.0315385
0.048006356,-1.06818,-0.61578226,-0.5507954,0.0315385
0.04566457,-1.06818,-0.61578226,-0.5507954,0.0315385
0.043916468,-1.06818,-0.61578226,-0.5507954,0.0315385
0.042612642,-1.06818,-0.61578226,-0.5507954,0.0315385
0.041650817,-1.06818,-0.61578226,-0.5507954,0.0315385
0.04096139,-1.06818,-0.61578226,-0.5507954,0.0315385
0.040497832,-1.06818,-0.61578226,-0.5507954,0.0315385
0.040230583,-1.06818,-0.61578226,-0.5507954,0.0315385
0.04014325,-1.06818,-0.61578226,-0.5507954,0.0315385
0.040230583,-1.06818,-0.61578226,-0.5507954,0.0315385
0.040497832,-1.06818,-0.61578226,-0.5507954,0.0315385
0.040961385,-1.06818,-0.61578226,-0.5507954,0.0315385
0.041650817,-1.06818,-0.61578226,-0.5507954,0.0315385
0.042612642,-1.06818,-0.61578226,-0.5507954,0.0315385
0.043916468,-1.06818,-0.61578226,-0.5507954,0.0315385
0.04566457,-1.06818,-0.61578226,-0.5507954,0.0315385
0.048006356,-1.06818,-0.61578226,-0.5507954,0.0315385
0.0511596,-1.06818,-0.61578226,-0.5507954,0.0315385
0.05543995,-1.06818,-0.61578226,-0.5507954,0.0315385
0.061296936,-1.06818,-0.61578226,-0.5507954,0.0315385
0.06934278,-1.06818,-0.61578226,-0.5507954,0.0315385
0.080326505,-1.06818,-0.61578226,-0.5507954,0.0315385
0.09492905,-1.06818,-0.61578226,-0.5507954,0.0315385
0.113142125,-1.06818,-0.61578226,-0.5507954,0.0315385
0.13304794,-1.06818,-0.61578226,-0.5507954,0.031538505
0.14967395,-1.06818,-0.61578226,-0.5507954,0.031538505
0.1563333,-1.06818,-0.61578226,-0.5507954,0.0315385
0.012591247,-1.445659,-0.80986565,-0.7429915,0.012787023
0.012608532,-1.445659,-0.80986565,-0.7429915,0.012787023
0.012658153,-1.445659,-0.80986565,-0.7429915,0.012787023
0.012733966,-1.445659,-0.80986565,-0.7429915,0.012787023
0.012827349,-1.445659,-0.80986565,-0.7429915,0.012787023
0.0129289925,-1.445659,-0.80986565,-0.7429915,0.012787023
0.013030484,-1.445659,-0.80986565,-0.7429915,0.012787023
0.013125321,-1.445659,-0.80986565,-0.7429915,0.012787023
0.0132092815,-1.445659,-0.80986565,-0.7429915,0.012787023
0.0132802855,-1.445659,-0.80986565,-0.7429915,0.012787023
0.013337966,-1.445659,-0.80986565,-0.7429915,0.012787023
0.013383139,-1.445659,-0.80986565,-0.7429915,0.012787023
0.0134173175,-1.445659,-0.80986565,-0.7429915,0.012787023
0.013442305,-1.445659,-0.80986565,-0.7429915,0.012787023
0.01345992,-1.445659,-0.80986565,-0.7429915,0.012787023
0.0134718,-1.445659,-0.80986565,-0.7429915,0.012787023
0.0134792905,-1.445659,-0.80986565,-0.7429915,0.012787023
0.013483383,-1.445659,-0.80986565,-0.7429915,0.012787023
0.013484679,-1.445659,-0.80986565,-0.7429915,0.012787023
0.013483383,-1.445659,-0.80986565,-0.7429915,0.012787023
0.0134792905,-1.445659,-0.80986565,-0.7429915,0.012787023
0.0134718,-1.445659,-0.80986565,-0.7429915,0.012787023
0.01345992,-1.445659,-0.80986565,-0.7429915,0.012787023
0.013442305,-1.445659,-0.80986565,-0.7429915,0.012787023
0.0134173175,-1.445659,-0.80986565,-0.7429915,0.012787023
0.01338314,-1.445659,-0.80986565,-0.7429915,0.012787023
0.013337965,-1.445659,-0.80986565,-0.7429915,0.012787023
0.0132802855,-1.445659,-0.80986565,-0.7429915,0.012787023
0.0132092815,-1.445659,-0.80986565,-0.7429915,0.012787023
0.0131252995,-1.4456592,-0.8098657,-0.74299145,0.012787
0.013030462,-1.4456592,-0.8098657,-0.74299145,0.012787
0.0129289925,-1.445659,-0.80986565,-0.7429915,0.012787023
0.01282735,-1.445659,-0.80986565,-0.7429915,0.012787023
0.012733967,-1.445659,-0.80986565,-0.7429915,0.012787023
0.012658153,-1.445659,-0.80986565,-0.7429915,0.012787023
0.012608532,-1.445659,-0.80986565,-0.7429915,0.012787023
0.012591247,-1.445659,-0.80986565,-0.7429915,0.012787023
0.012214428,-1.5732969,-0.9045255,-0.7882461,0.0013645019
0.0118132355,-1.5732969,-0.9045255,-0.7882461,0.0013645019
0.01079015,-1.5732969,-0.9045255,-0.7882461,0.0013645019
0.009512003,-1.5732969,-0.9045255,-0.7882461,0.0013645019
0.008267581,-1.5732969,-0.9045255,-0.7882461,0.0013645019
0.0071900375,-1.5732969,-0.9045255,-0.7882461,0.0013645019
0.006307345,-1.5732969,-0.9045255,-0.7882461,0.0013645019
0.005601709,-1.5732969,-0.9045255,-0.7882461,0.0013645019
0.0050427318,-1.5732969,-0.9045255,-0.7882461,0.0013645019
0.0046009086,-1.5732969,-0.9045255,-0.7882461,0.0013645019
0.0042516757,-1.5732969,-0.9045255,-0.7882461,0.0013645019
0.0039758272,-1.5732969,-0.9045255,-0.7882461,0.0013645019
0.0037587772,-1.5732969,-0.9045255,-0.7882461,0.0013645019
0.0035896224,-1.5732969,-0.9045255,-0.7882461,0.0013645019
0.003460319,-1.5732969,-0.9045255,-0.7882461,0.0013645019
0.0033650289,-1.5732969,-0.9045255,-0.7882461,0.0013645019
0.003299642,-1.5732969,-0.9045255,-0.7882461,0.0013645019
0.0032614395,-1.5732969,-0.9045255,-0.7882461,0.0013645019
0.003248873,-1.5732969,-0.9045255,-0.7882461,0.0013645019
0.0032614395,-1.5732969,-0.9045255,-0.7882461,0.0013645019
0.003299642,-1.5732969,-0.9045255,-0.7882461,0.0013645019
0.003365029,-1.5732969,-0.9045255,-0.7882461,0.0013645019
0.0034603188,-1.5732969,-0.9045255,-0.7882461,0.0013645019
0.0035896224,-1.5732969,-0.9045255,-0.7882461,0.0013645019
0.0037587865,-1.5732969,-0.9045256,-0.7882461,0.0013645112
0.003975837,-1.5732969,-0.9045256,-0.7882461,0.0013645112
0.0042516757,-1.5732969,-0.9045255,-0.7882461,0.0013645019
0.0046009086,-1.5732969,-0.9045255,-0.7882461,0.0013645019
0.0050427327,-1.5732969,-0.9045255,-0.7882461,0.0013645019
0.005601708,-1.5732969,-0.9045255,-0.7882461,0.0013645019
0.006307344,-1.5732969,-0.9045255,-0.7882461,0.0013645019
0.0071900357,-1.5732969,-0.9045255,-0.7882461,0.0013645019
0.008267583,-1.5732969,-0.9045255,-0.7882461,0.0013645019
0.009512,-1.5732969,-0.9045255,-0.7882461,0.0013645019
0.010790152,-1.5732969,-0.9045255,-0.7882461,0.0013645019
0.0118132355,-1.5732969,-0.9045255,-0.7882461,0.0013645019
0.012214428,-1.5732969,-0.9045255,-0.7882461,0.0013645019
0.0055075586,-3.0908113,-1.790518,-1.4090586,-0.0030023262
0.0051718457,-3.0908113,-1.790518,-1.4090586,-0.0030023262
0.0043275813,-3.0908113,-1.790518,-1.4090586,-0.0030023262
0.0032986288,-3.0908113,-1.790518,-1.4090586,-0.0030023262
0.0023273176,-3.0908113,-1.790518,-1.4090586,-0.0030023262
0.0015132015,-3.0908113,-1.790518,-1.4090586,-0.0030023262
0.0008664832,-3.0908113,-1.790518,-1.4090586,-0.0030023262
0.0003630966,-3.0908113,-1.790518,-1.4090586,-0.0030023262
-2.7145958e-05,-3.0908113,-1.790518,-1.4090586,-0.0030023262
-0.00033059088,-3.0908113,-1.790518,-1.4090586,-0.0030023262
-0.0005676497,-3.0908113,-1.790518,-1.4090586,-0.0030023262
-0.00075343275,-3.0908113,-1.790518,-1.4090586,-0.0030023262
-0.000898903,-3.0908113,-1.790518,-1.4090586,-0.0030023262
-0.0010119623,-3.0908113,-1.790518,-1.4090586,-0.0030023262
-0.0010982702,-3.0908113,-1.790518,-1.4090586,-0.0030023262
-0.0011618424,-3.0908113,-1.790518,-1.4090586,-0.0030023262
-0.0012054647,-3.0908113,-1.790518,-1.4090586,-0.0030023262
-0.0012309549,-3.0908113,-1.790518,-1.4090586,-0.0030023262
-0.0012393392,-3.0908113,-1.790518,-1.4090586,-0.0030023262
-0.0012309622,-3.0908117,-1.790518,-1.4090585,-0.0030023337
-0.001205472,-3.0908117,-1.790518,-1.4090585,-0.0030023337
-0.001161844,-3.0908113,-1.790518,-1.4090586,-0.0030023262
-0.0010982701,-3.0908113,-1.790518,-1.4090586,-0.0030023262
-0.0010119623,-3.0908113,-1.790518,-1.4090586,-0.0030023262
-0.000898903,-3.0908113,-1.790518,-1.4090586,-0.0030023262
-0.00075343275,-3.0908113,-1.790518,-1.4090586,-0.0030023262
-0.0005676497,-3.0908113,-1.790518,-1.4090586,-0.0030023262
-0.00033059088,-3.0908113,-1.790518,-1.4090586,-0.0030023262
-2.7150149e-05,-3.0908113,-1.790518,-1.4090586,-0.0030023262
0.00036309706,-3.0908113,-1.790518,-1.4090586,-0.0030023262
0.0008664825,-3.0908113,-1.790518,-1.4090586,-0.0030023262
0.0015132015,-3.0908113,-1.790518,-1.4090586,-0.0030023262
0.002327318,-3.0908113,-1.790518,-1.4090586,-0.0030023262
0.0032986298,-3.0908113,-1.790518,-1.4090586,-0.0030023262
0.0043275673,-3.0908113,-1.790518,-1.4090586,-0.0030023262
0.0051718466,-3.0908113,-1.790518,-1.4090586,-0.0030023262
0.0055075586,-3.0908113,-1.790518,-1.4090586,-0.0030023262
0.023715127,-1.1947807,-0.67902654,-0.628857,0.004136971
0.023034815,-1.1947807,-0.67902654,-0.628857,0.004136971
0.021270934,-1.1947807,-0.67902654,-0.628857,0.004136971
0.019008629,-1.1947807,-0.67902654,-0.628857,0.004136971
0.016744351,-1.1947807,-0.67902654,-0.628857,0.004136971
0.01473701,-1.1947807,-0.67902654,-0.628857,0.004136971
0.013063128,-1.1947807,-0.67902654,-0.628857,0.004136971
0.011707885,-1.1947807,-0.67902654,-0.628857,0.004136971
0.010624497,-1.1947807,-0.67902654,-0.628857,0.004136971
0.009762241,-1.1947807,-0.67902654,-0.628857,0.004136971
0.009076767,-1.1947807,-0.67902654,-0.628857,0.004136971
0.008532522,-1.1947807,-0.67902654,-0.628857,0.004136971
0.008102173,-1.1947807,-0.67902654,-0.628857,0.004136971
0.0077652144,-1.1947807,-0.67902654,-0.628857,0.004136971
0.0075065102,-1.1947807,-0.6790266,-0.628857,0.0041369656
0.00731513,-1.1947807,-0.6790266,-0.628857,0.0041369656
0.0071834046,-1.1947807,-0.67902654,-0.628857,0.004136971
0.0071062716,-1.1947807,-0.67902654,-0.628857,0.004136971
0.0070808707,-1.1947807,-0.67902654,-0.628857,0.004136971
0.0071062716,-1.1947807,-0.67902654,-0.628857,0.004136971
0.007183404,-1.1947807,-0.67902654,-0.628857,0.004136971
0.0073151346,-1.1947807,-0.67902654,-0.628857,0.004136971
0.0075065154,-1.1947807,-0.67902654,-0.628857,0.004136971
0.0077652144,-1.1947807,-0.67902654,-0.628857,0.004136971
0.008102173,-1.1947807,-0.67902654,-0.628857,0.004136971
0.00853252,-1.1947807,-0.67902654,-0.628857,0.004136971
0.009076767,-1.1947807,-0.67902654,-0.628857,0.004136971
0.009762241,-1.1947807,-0.67902654,-0.628857,0.004136971
0.010624497,-1.1947807,-0.67902654,-0.628857,0.004136971
0.011707882,-1.1947807,-0.67902654,-0.628857,0.004136971
0.013063126,-1.1947807,-0.67902654,-0.628857,0.004136971
0.014737009,-1.1947807,-0.67902654,-0.628857,0.004136971
0.016744345,-1.1947807,-0.67902654,-0.628857,0.004136971
0.019008625,-1.1947807,-0.67902654,-0.628857,0.004136971
0.021270934,-1.1947807,-0.67902654,-0.628857,0.004136971
0.023034796,-1.1947807,-0.67902654,-0.628857,0.004136971
0.023715127,-1.1947807,-0.67902654,-0.628857,0.004136971
0.0032035464,-1.3152014,-0.7369801,-0.69096804,0.002436877
0.0033014573,-1.3152014,-0.7369801,-0.69096804,0.002436877
0.003556379,-1.3152014,-0.7369801,-0.69096804,0.002436877
0.0038777774,-1.3152014,-0.7369801,-0.69096804,0.002436877
0.0041754115,-1.3152014,-0.7369801,-0.69096804,0.002436877
0.004394394,-1.3152014,-0.7369801,-0.69096804,0.002436877
0.0045192605,-1.3152014,-0.7369801,-0.69096804,0.002436877
0.004560427,-1.3152014,-0.7369801,-0.69096804,0.002436877
0.0045389943,-1.3152014,-0.7369801,-0.69096804,0.002436877
0.0044769077,-1.3152014,-0.73698014,-0.69096804,0.0024368807
0.004392518,-1.3152014,-0.73698014,-0.69096804,0.0024368807
0.0042995727,-1.3152014,-0.7369801,-0.69096804,0.002436877
0.0042076884,-1.3152014,-0.7369801,-0.69096804,0.002436877
0.0041232873,-1.3152014,-0.7369801,-0.69096804,0.002436877
0.004050521,-1.3152014,-0.7369801,-0.69096804,0.002436877
0.0039920006,-1.3152014,-0.7369801,-0.69096804,0.002436877
0.0039493153,-1.3152014,-0.7369801,-0.69096804,0.002436877
0.00392339,-1.3152014,-0.7369801,-0.69096804,0.002436877
0.0039147,-1.3152014,-0.7369801,-0.69096804,0.002436877
0.00392339,-1.3152014,-0.7369801,-0.69096804,0.002436877
0.0039493153,-1.3152014,-0.7369801,-0.69096804,0.002436877
0.0039920006,-1.3152014,-0.7369801,-0.69096804,0.002436877
0.004050521,-1.3152014,-0.7369801,-0.69096804,0.002436877
0.0041232873,-1.3152014,-0.7369801,-0.69096804,0.002436877
0.0042076884,-1.3152014,-0.7369801,-0.69096804,0.002436877
0.004299572,-1.3152014,-0.7369801,-0.69096804,0.002436877
0.004392515,-1.3152014,-0.7369801,-0.69096804,0.002436877
0.004476904,-1.3152014,-0.7369801,-0.69096804,0.002436877
0.004538995,-1.3152014,-0.7369801,-0.69096804,0.002436877
0.004560427,-1.3152014,-0.7369801,-0.69096804,0.002436877
0.0045192596,-1.3152014,-0.7369801,-0.69096804,0.002436877
0.0043943934,-1.3152014,-0.7369801,-0.69096804,0.002436877
0.0041754115,-1.3152014,-0.7369801,-0.69096804,0.002436877
0.0038777764,-1.3152014,-0.7369801,-0.69096804,0.002436877
0.0035563803,-1.3152014,-0.7369801,-0.69096804,0.002436877
0.0033014591,-1.3152014,-0.7369801,-0.69096804,0.002436877
0.0032035464,-1.3152014,-0.7369801,-0.69096804,0.002436877
0.11750279,-1.5868952,-0.92915463,-0.7720936,0.04939444
0.11187358,-1.5868952,-0.92915463,-0.7720936,0.04939444
0.099247396,-1.5868952,-0.92915463,-0.7720936,0.04939444
0.08634751,-1.5868952,-0.92915463,-0.7720936,0.04939444
0.076228015,-1.5868953,-0.92915463,-0.7720936,0.04939443
0.06906064,-1.5868953,-0.92915463,-0.7720936,0.04939443
0.06414345,-1.5868952,-0.92915463,-0.7720936,0.04939444
0.06077315,-1.5868952,-0.92915463,-0.7720936,0.04939444
0.05843512,-1.5868952,-0.92915463,-0.7720936,0.04939444
0.05678619,-1.5868952,-0.92915463,-0.7720936,0.04939444
0.055603825,-1.5868952,-0.92915463,-0.7720936,0.04939444
0.054744028,-1.5868952,-0.92915463,-0.7720936,0.04939444
0.054112893,-1.5868952,-0.92915463,-0.7720936,0.04939444
0.0536485,-1.5868952,-0.92915463,-0.7720936,0.04939444
0.053309646,-1.5868952,-0.92915463,-0.7720936,0.04939444
0.053068835,-1.5868952,-0.92915463,-0.7720936,0.04939444
0.052907955,-1.5868952,-0.92915463,-0.7720936,0.04939444
0.0528156,-1.5868952,-0.92915463,-0.7720936,0.04939444
0.052785486,-1.5868952,-0.92915463,-0.7720936,0.04939444
0.0528156,-1.5868952,-0.92915463,-0.7720936,0.04939444
0.052907955,-1.5868952,-0.92915463,-0.7720936,0.04939444
0.053068835,-1.5868952,-0.92915463,-0.7720936,0.04939444
0.053309646,-1.5868952,-0.92915463,-0.7720936,0.04939444
0.0536485,-1.5868952,-0.92915463,-0.7720936,0.04939444
0.054112893,-1.5868952,-0.92915463,-0.7720936,0.04939444
0.054744028,-1.5868952,-0.92915463,-0.7720936,0.04939444
0.055603825,-1.5868952,-0.92915463,-0.7720936,0.04939444
0.05678619,-1.5868952,-0.92915463,-0.7720936,0.04939444
0.058435116,-1.5868952,-0.92915463,-0.7720936,0.04939444
0.06077315,-1.5868952,-0.92915463,-0.7720936,0.04939444
0.06414344,-1.5868952,-0.92915463,-0.7720936,0.04939444
0.06906064,-1.5868952,-0.92915463,-0.7720936,0.04939444
0.07622801,-1.5868952,-0.92915463,-0.7720936,0.04939444
0.08634749,-1.5868952,-0.92915463,-0.7720936,0.04939444
0.09924738,-1.5868952,-0.92915463,-0.7720936,0.04939444
0.111873545,-1.5868952,-0.92915463,-0.7720936,0.04939444
0.117502786,-1.5868953,-0.92915463,-0.7720936,0.04939443
0.105308615,-1.2597401,-0.7343098,-0.63604385,0.044387385
0.10099912,-1.2597401,-0.7343098,-0.63604397,0.044387404
0.09088033,-1.2597401,-0.7343098,-0.63604397,0.044387404
0.079871334,-1.2597401,-0.7343098,-0.63604397,0.044387404
0.07075377,-1.2597401,-0.7343098,-0.63604397,0.044387404
0.06404713,-1.2597401,-0.7343098,-0.63604397,0.044387404
0.05933242,-1.2597401,-0.7343098,-0.63604397,0.044387404
0.05604843,-1.2597401,-0.7343098,-0.63604397,0.044387404
0.053743295,-1.2597401,-0.7343098,-0.63604397,0.044387404
0.05210169,-1.2597401,-0.7343098,-0.63604397,0.044387404
0.050914187,-1.2597401,-0.7343098,-0.63604397,0.044387404
0.0500435,-1.2597401,-0.7343098,-0.63604397,0.044387404
0.049399402,-1.2597401,-0.7343098,-0.63604397,0.044387404
0.048922077,-1.2597401,-0.7343098,-0.63604397,0.044387404
0.048571575,-1.2597401,-0.7343098,-0.63604397,0.044387404
0.048321158,-1.2597401,-0.7343098,-0.63604397,0.044387404
0.04815316,-1.2597401,-0.7343098,-0.63604397,0.044387404
0.048056446,-1.2597401,-0.7343098,-0.63604397,0.044387404
0.048024863,-1.2597401,-0.7343098,-0.63604397,0.044387404
0.048056446,-1.2597401,-0.7343098,-0.63604397,0.044387404
0.04815316,-1.2597401,-0.7343098,-0.63604397,0.044387404
0.048321158,-1.2597401,-0.7343098,-0.63604397,0.044387404
0.048571575,-1.2597401,-0.7343098,-0.63604397,0.044387404
0.048922077,-1.2597401,-0.7343098,-0.63604397,0.044387404
0.049399402,-1.2597401,-0.7343098,-0.63604397,0.044387404
0.0500435,-1.2597401,-0.7343098,-0.63604397,0.044387404
0.050914187,-1.2597401,-0.7343098,-0.63604397,0.044387404
0.05210169,-1.2597401,-0.7343098,-0.63604397,0.044387404
0.053743295,-1.2597401,-0.7343098,-0.63604397,0.044387404
0.056048423,-1.2597401,-0.7343098,-0.63604397,0.044387404
0.05933241,-1.2597401,-0.7343098,-0.63604397,0.044387404
0.064047106,-1.2597401,-0.7343098,-0.63604385,0.044387385
0.07075374,-1.2597401,-0.7343098,-0.63604385,0.044387385
0.0798713,-1.2597401,-0.7343098,-0.63604397,0.044387404
0.09088029,-1.2597401,-0.7343098,-0.63604397,0.044387404
0.10099911,-1.2597401,-0.7343098,-0.63604397,0.044387404
0.10530864,-1.2597401,-0.7343098,-0.63604397,0.044387404
0.037296988,-1.654175,-0.96286523,-0.80941796,0.023567708
0.03659024,-1.654175,-0.96286523,-0.80941796,0.023567708
0.034858845,-1.654175,-0.96286523,-0.80941796,0.023567708
0.032835957,-1.654175,-0.96286523,-0.80941796,0.023567708
0.031013679,-1.654175,-0.96286523,-0.80941796,0.023567708
0.029553091,-1.654175,-0.96286523,-0.80941796,0.023567708
0.028438924,-1.654175,-0.96286523,-0.80941796,0.023567708
0.027602734,-1.654175,-0.96286523,-0.80941796,0.023567708
0.026975537,-1.654175,-0.96286523,-0.80941796,0.023567708
0.026502322,-1.654175,-0.96286523,-0.80941796,0.023567708
0.026142657,-1.654175,-0.96286523,-0.80941796,0.023567708
0.025867723,-1.654175,-0.96286523,-0.80941796,0.023567708
0.025657173,-1.654175,-0.96286523,-0.80941796,0.023567708
0.025496677,-1.654175,-0.96286523,-0.80941796,0.023567708
0.025376145,-1.654175,-0.96286523,-0.80941796,0.023567708
0.025288528,-1.654175,-0.96286523,-0.80941796,0.023567708
0.025229009,-1.654175,-0.96286523,-0.80941796,0.023567708
0.025194462,-1.654175,-0.96286523,-0.80941796,0.023567708
0.025183134,-1.654175,-0.96286523,-0.80941796,0.023567708
0.025194462,-1.654175,-0.96286523,-0.80941796,0.023567708
0.025229009,-1.654175,-0.96286523,-0.80941796,0.023567708
0.025288528,-1.654175,-0.96286523,-0.80941796,0.023567708
0.025376145,-1.654175,-0.96286523,-0.80941796,0.023567708
0.025496677,-1.654175,-0.96286523,-0.80941796,0.023567708
0.025657173,-1.654175,-0.96286523,-0.80941796,0.023567708
0.025867723,-1.654175,-0.96286523,-0.80941796,0.023567708
0.026142657,-1.6541749,-0.96286523,-0.809418,0.023567708
0.026502322,-1.6541749,-0.96286523,-0.809418,0.023567708
0.026975535,-1.654175,-0.96286523,-0.80941796,0.023567708
0.027602732,-1.654175,-0.96286523,-0.80941796,0.023567708
0.028438922,-1.654175,-0.96286523,-0.80941796,0.023567708
0.029553093,-1.654175,-0.96286523,-0.80941796,0.023567708
0.031013675,-1.654175,-0.96286523,-0.80941796,0.023567708
0.03283596,-1.654175,-0.96286523,-0.80941796,0.023567708
0.03485884,-1.654175,-0.96286523,-0.80941796,0.023567708
0.03659023,-1.654175,-0.96286523,-0.80941796,0.023567708
0.037296988,-1.654175,-0.96286523,-0.80941796,0.023567708
0.32937425,-0.94226754,-0.5489702,-0.50066775,0.054233976
0.29747525,-0.94226754,-0.5489702,-0.50066775,0.054233976
0.23149398,-0.94226754,-0.5489702,-0.50066775,0.054233976
0.17220724,-0.94226754,-0.5489702,-0.50066775,0.054233976
0.1317453,-0.94226754,-0.5489702,-0.50066775,0.054233976
0.1065373,-0.94226754,-0.5489702,-0.50066775,0.054233976
0.09101887,-0.94226754,-0.5489702,-0.50066775,0.054233976
0.08126618,-0.94226754,-0.5489702,-0.50066775,0.054233976
0.07493886,-0.94226754,-0.5489702,-0.50066775,0.054233976
0.07069533,-0.94226754,-0.5489702,-0.50066775,0.054233976
0.06776266,-0.94226754,-0.5489702,-0.50066775,0.054233976
0.065685615,-0.94226754,-0.5489702,-0.50066775,0.054233976
0.06418878,-0.94226754,-0.5489702,-0.50066775,0.054233976
0.06310102,-0.94226754,-0.5489702,-0.50066775,0.054233976
0.06231373,-0.94226754,-0.5489702,-0.50066775,0.054233976
0.061757054,-0.94226754,-0.5489702,-0.50066775,0.054233976
0.061386254,-0.94226754,-0.5489702,-0.50066775,0.054233976
0.061173733,-0.94226754,-0.5489702,-0.50066775,0.054233976
0.06110448,-0.94226754,-0.5489702,-0.50066775,0.054233976
0.061173733,-0.94226754,-0.5489702,-0.50066775,0.054233976
0.061386254,-0.94226754,-0.5489702,-0.50066775,0.054233976
0.061757028,-0.94226754,-0.5489702,-0.5006678,0.05423395
0.062313706,-0.94226754,-0.5489702,-0.5006678,0.05423395
0.06310102,-0.94226754,-0.5489702,-0.50066775,0.054233976
0.06418878,-0.94226754,-0.5489702,-0.50066775,0.054233976
0.065685615,-0.94226754,-0.5489702,-0.50066775,0.054233976
0.06776265,-0.94226754,-0.5489702,-0.50066775,0.054233976
0.070695326,-0.94226754,-0.5489702,-0.50066775,0.054233976
0.07493886,-0.94226754,-0.5489702,-0.50066775,0.054233976
0.08126617,-0.94226754,-0.5489702,-0.50066775,0.054233976
0.091018856,-0.94226754,-0.5489702,-0.50066775,0.054233976
0.10653726,-0.94226754,-0.5489702,-0.50066775,0.054233976
0.13174525,-0.94226754,-0.5489702,-0.50066775,0.054233976
0.17220719,-0.94226754,-0.5489702,-0.50066775,0.054233976
0.23149377,-0.94226754,-0.5489702,-0.50066775,0.054233976
0.2974749,-0.94226754,-0.5489702,-0.50066775,0.054233976
0.32937425,-0.94226754,-0.5489702,-0.50066775,0.054233976
0.021379825,-2.3382792,-1.360544,-1.0840932,0.014884208
0.021182321,-2.3382792,-1.360544,-1.0840932,0.014884208
0.020664874,-2.3382792,-1.360544,-1.0840932,0.014884208
0.019990534,-2.3382792,-1.360544,-1.0840932,0.014884208
0.019304667,-2.3382792,-1.360544,-1.0840932,0.014884208
0.018688396,-2.3382792,-1.360544,-1.0840932,0.014884208
0.018169094,-2.3382792,-1.360544,-1.0840932,0.014884208
0.01774528,-2.3382792,-1.360544,-1.0840932,0.014884208
0.017404467,-2.3382792,-1.360544,-1.0840932,0.014884208
0.017132094,-2.3382792,-1.360544,-1.0840932,0.014884208
0.016915038,-2.3382792,-1.360544,-1.0840932,0.014884208
0.01674255,-2.3382792,-1.360544,-1.0840932,0.014884208
0.016606225,-2.3382792,-1.360544,-1.0840932,0.014884208
0.016499642,-2.3382792,-1.360544,-1.0840932,0.014884208
0.016417988,-2.3382792,-1.360544,-1.0840932,0.014884208
0.016357724,-2.3382792,-1.360544,-1.0840932,0.014884208
0.016316336,-2.3382788,-1.360544,-1.0840932,0.014884212
0.01629214,-2.3382788,-1.360544,-1.0840932,0.014884212
0.016284175,-2.3382792,-1.360544,-1.0840932,0.014884208
0.016292136,-2.3382792,-1.360544,-1.0840932,0.014884208
0.016316332,-2.3382792,-1.360544,-1.0840932,0.014884208
0.016357724,-2.3382792,-1.360544,-1.0840932,0.014884208
0.016417988,-2.3382792,-1.360544,-1.0840932,0.014884208
0.016499642,-2.3382792,-1.360544,-1.0840932,0.014884208
0.016606225,-2.3382792,-1.360544,-1.0840932,0.014884208
0.01674255,-2.3382792,-1.360544,-1.0840932,0.014884208
0.016915038,-2.3382792,-1.360544,-1.0840932,0.014884208
0.017132094,-2.3382792,-1.360544,-1.0840932,0.014884208
0.017404467,-2.3382792,-1.360544,-1.0840932,0.014884208
0.017745279,-2.3382792,-1.360544,-1.0840932,0.014884208
0.018169094,-2.3382792,-1.360544,-1.0840932,0.014884208
0.018688394,-2.3382792,-1.360544,-1.0840932,0.014884208
0.019304665,-2.3382792,-1.360544,-1.0840932,0.014884208
0.019990532,-2.3382792,-1.360544,-1.0840932,0.014884208
0.020664874,-2.3382792,-1.360544,-1.0840932,0.014884208
0.021182323,-2.3382792,-1.360544,-1.0840932,0.014884208
0.021379825,-2.3382792,-1.360544,-1.0840932,0.014884208
0.007485629,-1.8186184,-1.0446584,-0.8654973,0.006462776
0.007500872,-1.8186184,-1.0446584,-0.8654973,0.006462776
0.007542981,-1.8186184,-1.0446584,-0.8654973,0.006462776
0.0076025287,-1.8186184,-1.0446584,-0.8654973,0.006462776
0.007667731,-1.8186184,-1.0446584,-0.8654973,0.006462776
0.0077280076,-1.8186184,-1.0446584,-0.8654973,0.006462776
0.007776199,-1.8186184,-1.0446584,-0.8654973,0.006462776
0.0078090625,-1.8186184,-1.0446584,-0.8654973,0.006462776
0.007826591,-1.8186184,-1.0446584,-0.8654973,0.006462776
0.007830852,-1.8186184,-1.0446584,-0.8654973,0.006462776
0.007824916,-1.8186184,-1.0446584,-0.8654973,0.006462776
0.007812071,-1.8186185,-1.0446584,-0.8654973,0.0064627724
0.0077953683,-1.8186185,-1.0446584,-0.8654973,0.0064627724
0.007777394,-1.8186184,-1.0446584,-0.8654973,0.006462776
0.0077602053,-1.8186184,-1.0446584,-0.8654973,0.006462776
0.007745376,-1.8186184,-1.0446584,-0.8654973,0.006462776
0.007734039,-1.8186184,-1.0446584,-0.8654973,0.006462776
0.0077269487,-1.8186184,-1.0446584,-0.8654973,0.006462776
0.0077245384,-1.8186184,-1.0446584,-0.8654973,0.006462776
0.0077269487,-1.8186184,-1.0446584,-0.8654973,0.006462776
0.007734039,-1.8186184,-1.0446584,-0.8654973,0.006462776
0.007745376,-1.8186184,-1.0446584,-0.8654973,0.006462776
0.0077602053,-1.8186184,-1.0446584,-0.8654973,0.006462776
0.007777394,-1.8186184,-1.0446584,-0.8654973,0.006462776
0.007795372,-1.8186184,-1.0446584,-0.8654973,0.006462776
0.007812075,-1.8186184,-1.0446584,-0.8654973,0.006462776
0.007824916,-1.8186184,-1.0446584,-0.8654973,0.006462776
0.007830852,-1.8186184,-1.0446584,-0.8654973,0.006462776
0.007826591,-1.8186184,-1.0446584,-0.8654973,0.006462776
0.007809063,-1.8186184,-1.0446584,-0.8654973,0.006462776
0.007776199,-1.8186184,-1.0446584,-0.8654973,0.006462776
0.007728008,-1.8186184,-1.0446584,-0.8654973,0.006462776
0.0076677306,-1.8186184,-1.0446584,-0.8654973,0.006462776
0.007602529,-1.8186184,-1.0446584,-0.8654973,0.006462776
0.0075429804,-1.8186184,-1.0446584,-0.8654973,0.006462776
0.007500872,-1.8186184,-1.0446584,-0.8654973,0.006462776
0.007485629,-1.8186184,-1.0446584,-0.8654973,0.006462776
0.48108265,-0.8859085,-0.5176674,-0.46377823,0.067506485
0.44904333,-0.8859085,-0.5176674,-0.46377823,0.067506485
0.3741913,-0.8859085,-0.5176674,-0.46377823,0.067506485
0.29379302,-0.8859085,-0.5176674,-0.46377823,0.067506485
0.22866234,-0.8859085,-0.5176674,-0.46377823,0.067506485
0.18215677,-0.8859085,-0.5176674,-0.46377823,0.067506485
0.15056682,-0.8859084,-0.5176674,-0.46377823,0.067506485
0.1293422,-0.8859084,-0.5176674,-0.46377823,0.067506485
0.114966206,-0.8859085,-0.5176674,-0.46377823,0.067506485
0.10506953,-0.8859085,-0.5176674,-0.46377823,0.067506485
0.098130696,-0.8859085,-0.5176674,-0.46377823,0.067506485
0.09318389,-0.8859085,-0.5176674,-0.46377823,0.067506485
0.08961334,-0.8859085,-0.5176674,-0.46377823,0.067506485
0.087022305,-0.8859085,-0.5176674,-0.46377823,0.067506485
0.085152484,-0.8859085,-0.5176674,-0.46377823,0.067506485
0.08383487,-0.8859085,-0.5176674,-0.46377823,0.067506485
0.08295996,-0.8859085,-0.5176674,-0.46377823,0.067506485
0.08245969,-0.8859085,-0.5176674,-0.46377823,0.067506485
0.08229688,-0.8859085,-0.5176674,-0.46377823,0.067506485
0.08245969,-0.8859085,-0.5176674,-0.46377823,0.067506485
0.08295996,-0.8859085,-0.5176674,-0.46377823,0.067506485
0.08383487,-0.8859085,-0.5176674,-0.46377823,0.067506485
0.08515248,-0.8859085,-0.5176674,-0.46377823,0.067506485
0.087022305,-0.8859085,-0.5176674,-0.46377823,0.067506485
0.08961334,-0.8859085,-0.5176674,-0.46377823,0.067506485
0.09318389,-0.8859085,-0.5176674,-0.46377823,0.067506485
0.09813069,-0.8859085,-0.5176674,-0.46377823,0.067506485
0.10506953,-0.8859085,-0.5176674,-0.46377823,0.067506485
0.11496617,-0.8859085,-0.5176674,-0.46377823,0.067506485
0.1293422,-0.8859085,-0.5176674,-0.46377823,0.067506485
0.15056679,-0.8859085,-0.5176674,-0.46377823,0.067506485
0.18215674,-0.8859085,-0.5176674,-0.46377823,0.067506485
0.22866228,-0.8859085,-0.5176674,-0.46377823,0.067506485
0.2937929,-0.8859085,-0.5176674,-0.46377823,0.067506485
0.37419114,-0.8859085,-0.5176674,-0.46377823,0.067506485
0.44904333,-0.8859085,-0.5176674,-0.46377823,0.067506485
0.48108265,-0.8859085,-0.5176674,-0.46377823,0.067506485
0.009451829,-2.6319838,-1.5117592,-1.2326995,0.0096276635
0.009459147,-2.6319833,-1.5117593,-1.2326998,0.009627593
0.009480417,-2.6319833,-1.5117593,-1.2326998,0.009627593
0.009513162,-2.6319838,-1.5117592,-1.2326995,0.0096276635
0.009553764,-2.6319838,-1.5117592,-1.2326995,0.0096276635
0.009598523,-2.6319838,-1.5117592,-1.2326995,0.0096276635
0.009644004,-2.6319838,-1.5117592,-1.2326995,0.0096276635
0.00968749,-2.6319838,-1.5117592,-1.2326995,0.0096276635
0.009727144,-2.6319838,-1.5117592,-1.2326995,0.0096276635
0.009761943,-2.6319838,-1.5117592,-1.2326995,0.0096276635
0.009791524,-2.6319838,-1.5117592,-1.2326995,0.0096276635
0.009815985,-2.6319838,-1.5117592,-1.2326995,0.0096276635
0.009835707,-2.6319838,-1.5117592,-1.2326995,0.0096276635
0.0098512005,-2.6319838,-1.5117592,-1.2326995,0.0096276635
0.009863007,-2.6319838,-1.5117592,-1.2326995,0.0096276635
0.009871624,-2.6319838,-1.5117592,-1.2326995,0.0096276635
0.00987747,-2.6319838,-1.5117592,-1.2326995,0.0096276635
0.009880852,-2.6319838,-1.5117592,-1.2326995,0.0096276635
0.009881958,-2.6319838,-1.5117592,-1.2326995,0.0096276635
0.009880852,-2.6319838,-1.5117592,-1.2326995,0.0096276635
0.00987747,-2.6319838,-1.5117592,-1.2326995,0.0096276635
0.009871624,-2.6319838,-1.5117592,-1.2326995,0.0096276635
0.009863007,-2.6319838,-1.5117592,-1.2326995,0.0096276635
0.0098512005,-2.6319838,-1.5117592,-1.2326995,0.0096276635
0.009835707,-2.6319838,-1.5117592,-1.2326995,0.0096276635
0.009815985,-2.6319838,-1.5117592,-1.2326995,0.0096276635
0.009791524,-2.6319838,-1.5117592,-1.2326995,0.0096276635
0.009761943,-2.6319838,-1.5117592,-1.2326995,0.0096276635
0.009727144,-2.6319838,-1.5117592,-1.2326995,0.0096276635
0.009687491,-2.6319838,-1.5117592,-1.2326995,0.0096276635
0.009644004,-2.6319838,-1.5117592,-1.2326995,0.0096276635
0.009598524,-2.6319838,-1.5117592,-1.2326995,0.0096276635
0.009553764,-2.6319838,-1.5117592,-1.2326995,0.0096276635
0.009513091,-2.6319833,-1.5117593,-1.2326998,0.009627593
0.009480417,-2.6319833,-1.5117593,-1.2326998,0.009627593
0.009459218,-2.6319838,-1.5117592,-1.2326995,0.0096276635
0.009451829,-2.6319838,-1.5117592,-1.2326995,0.0096276635
0.20938045,-1.2251763,-0.7179003,-0.62712616,0.053590488
0.19087024,-1.2251763,-0.7179003,-0.62712616,0.053590488
0.15335374,-1.2251763,-0.7179003,-0.62712616,0.053590488
0.12024513,-1.2251763,-0.7179003,-0.62712616,0.053590488
0.097730145,-1.2251763,-0.7179003,-0.62712616,0.053590488
0.08360897,-1.2251763,-0.7179003,-0.62712616,0.053590488
0.074830584,-1.2251763,-0.7179003,-0.62712616,0.053590488
0.06926665,-1.2251763,-0.7179003,-0.62712616,0.053590488
0.06563632,-1.2251763,-0.7179003,-0.62712616,0.053590488
0.063194856,-1.2251763,-0.7179003,-0.62712616,0.053590488
0.061507057,-1.2251763,-0.7179003,-0.62712616,0.053590488
0.060313508,-1.2251763,-0.7179003,-0.62712616,0.053590488
0.05945572,-1.2251763,-0.7179003,-0.62712616,0.053590488
0.05883448,-1.2251763,-0.7179003,-0.62712616,0.053590488
0.058386445,-1.2251763,-0.7179003,-0.62712616,0.053590488
0.058070716,-1.2251763,-0.7179003,-0.62712616,0.053590488
0.057861004,-1.2251763,-0.7179003,-0.62712616,0.053590488
0.05774105,-1.2251763,-0.7179003,-0.62712616,0.053590488
0.057702,-1.2251763,-0.7179003,-0.62712616,0.053590488
0.05774105,-1.2251763,-0.7179003,-0.62712616,0.053590488
0.057861004,-1.2251763,-0.7179003,-0.62712616,0.053590488
0.058070716,-1.2251763,-0.7179003,-0.62712616,0.053590488
0.058386445,-1.2251763,-0.7179003,-0.62712616,0.053590488
0.05883448,-1.2251763,-0.7179003,-0.62712616,0.053590488
0.05945572,-1.2251763,-0.7179003,-0.62712616,0.053590488
0.06031351,-1.2251763,-0.7179003,-0.62712616,0.053590488
0.061507057,-1.2251763,-0.7179003,-0.62712616,0.053590488
0.063194856,-1.2251763,-0.7179003,-0.62712616,0.053590488
0.065636314,-1.2251763,-0.7179003,-0.6271263,0.053590488
0.06926664,-1.2251763,-0.7179003,-0.6271263,0.053590488
0.07483057,-1.2251763,-0.7179003,-0.62712616,0.053590488
0.083608955,-1.2251763,-0.7179003,-0.62712616,0.053590488
0.09773013,-1.2251763,-0.7179003,-0.62712616,0.053590488
0.1202451,-1.2251763,-0.7179003,-0.62712616,0.053590488
0.15335362,-1.2251763,-0.7179003,-0.62712616,0.053590488
0.19087018,-1.2251763,-0.7179003,-0.62712616,0.053590488
0.20938045,-1.2251763,-0.7179003,-0.62712616,0.053590488
0.20701273,-1.5778056,-0.9261276,-0.77518874,0.05757071
0.18502773,-1.5778056,-0.9261276,-0.77518874,0.05757071
0.14512375,-1.5778056,-0.9261276,-0.77518874,0.05757071
0.11401509,-1.5778056,-0.9261276,-0.77518874,0.05757071
0.094468534,-1.5778056,-0.9261276,-0.77518874,0.05757071
0.08264282,-1.5778056,-0.9261276,-0.77518874,0.05757071
0.07536849,-1.5778056,-0.9261276,-0.77518874,0.05757071
0.07075189,-1.5778056,-0.9261276,-0.77518874,0.05757071
0.06772349,-1.5778056,-0.9261276,-0.77518874,0.05757071
0.06567518,-1.5778056,-0.9261276,-0.77518874,0.05757071
0.064252734,-1.5778056,-0.9261276,-0.77518874,0.05757071
0.063243836,-1.5778056,-0.9261276,-0.77518874,0.05757071
0.062517606,-1.5778056,-0.9261276,-0.77518874,0.05757071
0.0619914,-1.5778056,-0.9261276,-0.77518874,0.05757071
0.061612006,-1.5778056,-0.9261276,-0.77518874,0.05757071
0.061344817,-1.5778056,-0.9261276,-0.77518874,0.05757071
0.061167475,-1.5778056,-0.9261276,-0.77518874,0.05757071
0.061066102,-1.5778056,-0.9261276,-0.77518874,0.05757071
0.061033115,-1.5778056,-0.9261276,-0.77518874,0.05757071
0.061066102,-1.5778056,-0.9261276,-0.77518874,0.05757071
0.061167475,-1.5778056,-0.9261276,-0.77518874,0.05757071
0.061344817,-1.5778056,-0.9261276,-0.77518874,0.05757071
0.061612006,-1.5778056,-0.9261276,-0.77518874,0.05757071
0.06199142,-1.5778058,-0.9261277,-0.77518886,0.05757073
0.06251762,-1.5778058,-0.9261277,-0.77518886,0.05757073
0.06324383,-1.5778056,-0.9261276,-0.77518874,0.05757071
0.064252734,-1.5778056,-0.9261276,-0.77518874,0.05757071
0.06567518,-1.5778056,-0.9261276,-0.77518874,0.05757071
0.06772348,-1.5778056,-0.9261276,-0.77518874,0.05757071
0.07075188,-1.5778056,-0.9261276,-0.77518874,0.05757071
0.07536848,-1.5778056,-0.9261276,-0.77518874,0.05757071
0.08264281,-1.5778056,-0.9261276,-0.77518874,0.05757071
0.09446849,-1.5778056,-0.9261276,-0.77518874,0.05757071
0.11401509,-1.5778056,-0.9261276,-0.77518874,0.05757071
0.14512368,-1.5778056,-0.9261276,-0.77518874,0.05757071
0.18502758,-1.5778056,-0.9261276,-0.77518874,0.05757071
0.20701273,-1.5778056,-0.9261276,-0.77518874,0.05757071
0.005002185,-1.271533,-0.7233434,-0.67979085,-0.00020950218
0.005225648,-1.271533,-0.7233434,-0.67979085,-0.00020950218
0.005474746,-1.271533,-0.7233434,-0.67979085,-0.00020950218
0.0052946554,-1.271533,-0.7233434,-0.67979085,-0.00020950218
0.004757099,-1.271533,-0.7233434,-0.67979085,-0.00020950218
0.0040980037,-1.271533,-0.7233434,-0.67979085,-0.00020950218
0.0034685354,-1.271533,-0.7233434,-0.67979085,-0.00020950218
0.0029265303,-1.271533,-0.7233434,-0.67979085,-0.00020950218
0.0024808827,-1.271533,-0.7233434,-0.67979085,-0.00020950218
0.0021218853,-1.271533,-0.7233434,-0.67979085,-0.00020950218
0.001835316,-1.271533,-0.7233434,-0.67979085,-0.00020950218
0.0016077523,-1.271533,-0.7233434,-0.67979085,-0.00020950218
0.0014281229,-1.271533,-0.7233434,-0.67979085,-0.00020950218
0.0012878223,-1.271533,-0.7233434,-0.67979085,-0.00020950218
0.001180387,-1.271533,-0.7233434,-0.67979085,-0.00020950218
0.0011010974,-1.271533,-0.7233434,-0.67979085,-0.00020950218
0.0010466255,-1.271533,-0.7233434,-0.67979085,-0.00020950218
0.0010147726,-1.271533,-0.7233434,-0.67979085,-0.00020950218
0.0010043089,-1.271533,-0.7233434,-0.67979085,-0.00020948355
0.0010147914,-1.271533,-0.7233434,-0.67979085,-0.00020948355
0.0010466252,-1.271533,-0.7233434,-0.67979085,-0.00020950218
0.0011010976,-1.271533,-0.7233434,-0.67979085,-0.00020950218
0.0011803871,-1.271533,-0.7233434,-0.67979085,-0.00020950218
0.0012878223,-1.271533,-0.7233434,-0.67979085,-0.00020950218
0.0014281229,-1.271533,-0.7233434,-0.67979085,-0.00020950218
0.0016077519,-1.271533,-0.7233434,-0.67979085,-0.00020950218
0.0018353157,-1.271533,-0.7233434,-0.67979085,-0.00020950218
0.002121885,-1.271533,-0.7233434,-0.67979085,-0.00020950218
0.0024808815,-1.271533,-0.7233434,-0.67979085,-0.00020950218
0.0029265296,-1.271533,-0.7233434,-0.67979085,-0.00020950218
0.003468535,-1.271533,-0.7233434,-0.67979085,-0.00020950218
0.004098003,-1.271533,-0.7233434,-0.67979085,-0.00020950218
0.0047571,-1.271533,-0.7233434,-0.67979085,-0.00020950218
0.0052946582,-1.271533,-0.7233434,-0.67979085,-0.00020950218
0.0054747453,-1.271533,-0.7233434,-0.67979085,-0.00020950218
0.0052256472,-1.271533,-0.7233434,-0.67979085,-0.00020950218
0.005002185,-1.271533,-0.7233434,-0.67979085,-0.00020950218
0.034377974,-1.4507201,-0.84207284,-0.7301236,0.01976882
0.03358662,-1.4507201,-0.84207284,-0.7301236,0.01976882
0.03167319,-1.4507201,-0.84207284,-0.7301236,0.01976882
0.029479435,-1.4507201,-0.84207284,-0.7301236,0.01976882
0.02753685,-1.4507201,-0.84207284,-0.7301236,0.01976882
0.025998536,-1.4507201,-0.84207284,-0.7301236,0.01976882
0.02483323,-1.4507201,-0.84207284,-0.7301236,0.01976882
0.023961397,-1.4507201,-0.84207284,-0.7301236,0.01976882
0.023307852,-1.4507201,-0.84207284,-0.7301236,0.01976882
0.022814292,-1.4507201,-0.84207284,-0.7301236,0.01976882
0.022438489,-1.4507201,-0.84207284,-0.7301236,0.01976882
0.022150576,-1.4507201,-0.84207284,-0.7301236,0.01976882
0.021929566,-1.4507201,-0.84207284,-0.7301236,0.01976882
0.021760723,-1.4507202,-0.84207284,-0.7301236,0.019768832
0.021633644,-1.4507202,-0.84207284,-0.7301236,0.019768832
0.02154109,-1.4507201,-0.84207284,-0.7301236,0.01976882
0.021478137,-1.4507201,-0.84207284,-0.7301236,0.01976882
0.02144156,-1.4507201,-0.84207284,-0.7301236,0.01976882
0.021429563,-1.4507201,-0.84207284,-0.7301236,0.01976882
0.02144156,-1.4507201,-0.84207284,-0.7301236,0.01976882
0.021478137,-1.4507201,-0.84207284,-0.7301236,0.01976882
0.02154109,-1.4507201,-0.84207284,-0.7301236,0.01976882
0.02163363,-1.4507201,-0.84207284,-0.7301236,0.01976882
0.02176071,-1.4507201,-0.84207284,-0.7301236,0.01976882
0.021929566,-1.4507201,-0.84207284,-0.7301236,0.01976882
0.022150576,-1.4507201,-0.84207284,-0.7301236,0.01976882
0.022438489,-1.4507201,-0.84207284,-0.7301236,0.01976882
0.022814292,-1.4507201,-0.84207284,-0.7301236,0.01976882
0.023307852,-1.4507201,-0.84207284,-0.7301236,0.01976882
0.023961397,-1.4507201,-0.84207284,-0.7301236,0.01976882
0.024833228,-1.4507201,-0.84207284,-0.7301236,0.01976882
0.025998535,-1.4507201,-0.84207284,-0.7301236,0.01976882
0.02753685,-1.4507201,-0.84207284,-0.7301236,0.01976882
0.02947943,-1.4507201,-0.84207284,-0.7301236,0.01976882
0.03167318,-1.4507201,-0.84207284,-0.7301236,0.01976882
0.033586618,-1.4507201,-0.84207284,-0.7301236,0.01976882
0.034377974,-1.4507201,-0.84207284,-0.7301236,0.01976882
0.020325445,-1.2865456,-0.7399305,-0.66072446,0.011804842
0.020127492,-1.2865456,-0.7399305,-0.66072446,0.011804842
0.01958741,-1.2865456,-0.7399305,-0.66072446,0.011804842
0.018835086,-1.2865456,-0.7399305,-0.66072446,0.011804842
0.018010845,-1.2865456,-0.7399305,-0.66072446,0.011804842
0.017217409,-1.2865456,-0.7399305,-0.66072446,0.011804842
0.016509248,-1.2865456,-0.7399305,-0.66072446,0.011804842
0.01590459,-1.2865456,-0.7399305,-0.66072446,0.011804842
0.015401309,-1.2865456,-0.7399305,-0.6607245,0.011804833
0.01498851,-1.2865456,-0.7399305,-0.6607245,0.011804833
0.014652999,-1.2865456,-0.7399305,-0.66072446,0.011804842
0.014382284,-1.2865456,-0.7399305,-0.66072446,0.011804842
0.014165747,-1.2865456,-0.7399305,-0.66072446,0.011804842
0.013994829,-1.2865456,-0.7399305,-0.66072446,0.011804842
0.013862882,-1.2865456,-0.7399305,-0.66072446,0.011804842
0.013764914,-1.2865456,-0.7399305,-0.66072446,0.011804842
0.013697326,-1.2865456,-0.7399305,-0.66072446,0.011804842
0.0136576975,-1.2865456,-0.7399305,-0.66072446,0.011804842
0.013644639,-1.2865456,-0.7399305,-0.66072446,0.011804842
0.0136576975,-1.2865456,-0.7399305,-0.66072446,0.011804842
0.013697326,-1.2865456,-0.7399305,-0.66072446,0.011804842
0.013764914,-1.2865456,-0.7399305,-0.66072446,0.011804842
0.013862882,-1.2865456,-0.7399305,-0.66072446,0.011804842
0.013994829,-1.2865456,-0.7399305,-0.66072446,0.011804842
0.014165747,-1.2865456,-0.7399305,-0.66072446,0.011804842
0.014382284,-1.2865456,-0.7399305,-0.66072446,0.011804842
0.014652999,-1.2865456,-0.7399305,-0.66072446,0.011804842
0.014988519,-1.2865456,-0.7399305,-0.66072446,0.011804842
0.015401319,-1.2865456,-0.7399305,-0.66072446,0.011804842
0.01590459,-1.2865456,-0.7399305,-0.66072446,0.011804842
0.016509248,-1.2865456,-0.7399305,-0.66072446,0.011804842
0.017217407,-1.2865456,-0.7399305,-0.66072446,0.011804842
0.018010844,-1.2865456,-0.7399305,-0.66072446,0.011804842
0.018835083,-1.2865456,-0.7399305,-0.66072446,0.011804842
0.01958741,-1.2865456,-0.7399305,-0.66072446,0.011804842
0.020127488,-1.2865456,-0.7399305,-0.66072446,0.011804842
0.020325445,-1.2865456,-0.7399305,-0.66072446,0.011804842
0.060494818,-1.8047932,-1.0549829,-0.87038285,0.03408307
0.058600936,-1.8047932,-1.0549829,-0.87038285,0.03408307
0.054237906,-1.8047932,-1.0549829,-0.87038285,0.03408307
0.049596492,-1.8047932,-1.054983,-0.87038285,0.034083072
0.045799177,-1.8047932,-1.054983,-0.87038285,0.034083072
0.043003038,-1.8047932,-1.0549829,-0.87038285,0.03408307
0.041016053,-1.8047932,-1.0549829,-0.87038285,0.03408307
0.039609898,-1.8047932,-1.0549829,-0.87038285,0.03408307
0.03860559,-1.8047932,-1.0549829,-0.87038285,0.03408307
0.03787834,-1.8047932,-1.0549829,-0.87038285,0.03408307
0.03734435,-1.8047932,-1.0549829,-0.87038285,0.03408307
0.036947817,-1.8047932,-1.0549829,-0.87038285,0.03408307
0.03665139,-1.8047932,-1.0549829,-0.87038285,0.03408307
0.03642988,-1.8047932,-1.0549829,-0.87038285,0.03408307
0.036266167,-1.8047932,-1.0549829,-0.87038285,0.03408307
0.036148638,-1.8047932,-1.0549829,-0.87038285,0.03408307
0.036069527,-1.8047932,-1.0549829,-0.87038285,0.03408307
0.036023885,-1.8047932,-1.0549829,-0.87038285,0.03408307
0.03600896,-1.8047932,-1.0549829,-0.87038285,0.03408307
0.036023885,-1.8047932,-1.0549829,-0.87038285,0.03408307
0.036069527,-1.8047932,-1.0549829,-0.87038285,0.03408307
0.036148638,-1.8047932,-1.0549829,-0.87038285,0.03408307
0.036266167,-1.8047932,-1.0549829,-0.87038285,0.03408307
0.03642988,-1.8047932,-1.0549829,-0.87038285,0.03408307
0.03665139,-1.8047932,-1.0549829,-0.87038285,0.03408307
0.036947817,-1.8047932,-1.0549829,-0.87038285,0.03408307
0.03734435,-1.8047932,-1.0549829,-0.87038285,0.03408307
0.03787834,-1.8047932,-1.0549829,-0.87038285,0.03408307
0.038605593,-1.8047932,-1.0549829,-0.87038285,0.03408307
0.039609894,-1.8047932,-1.0549829,-0.87038285,0.03408307
0.04101605,-1.8047932,-1.0549829,-0.87038285,0.03408307
0.043003038,-1.8047932,-1.0549829,-0.87038285,0.03408307
0.045799166,-1.8047932,-1.0549829,-0.87038285,0.03408307
0.04959647,-1.8047932,-1.0549829,-0.87038285,0.03408307
0.054237887,-1.8047932,-1.0549829,-0.87038285,0.03408307
0.058600925,-1.8047932,-1.054983,-0.87038285,0.034083072
0.060494825,-1.8047932,-1.054983,-0.87038285,0.034083072
0.008541013,-3.6597147,-2.1176412,-1.654219,0.008539264
0.00854488,-3.6597147,-2.1176412,-1.654219,0.008539264
0.008556073,-3.6597147,-2.1176412,-1.654219,0.008539264
0.008573456,-3.6597147,-2.1176412,-1.654219,0.008539264
0.008595398,-3.6597147,-2.1176412,-1.654219,0.008539264
0.008620069,-3.6597147,-2.1176412,-1.654219,0.008539264
0.008645718,-3.6597147,-2.1176412,-1.654219,0.008539264
0.00867087,-3.6597147,-2.1176412,-1.654219,0.008539264
0.008694429,-3.6597147,-2.1176412,-1.654219,0.008539264
0.008715684,-3.6597147,-2.1176412,-1.654219,0.008539264
0.00873426,-3.6597147,-2.1176412,-1.654219,0.008539264
0.0087500485,-3.6597147,-2.1176412,-1.654219,0.008539264
0.008763117,-3.6597147,-2.1176412,-1.654219,0.008539264
0.00877364,-3.6597147,-2.1176412,-1.654219,0.008539264
0.008781839,-3.6597147,-2.1176412,-1.654219,0.008539264
0.008787941,-3.6597147,-2.1176412,-1.654219,0.008539264
0.008792144,-3.6597147,-2.1176412,-1.654219,0.008539264
0.008794601,-3.6597147,-2.1176412,-1.654219,0.008539264
0.008795409,-3.6597147,-2.1176412,-1.654219,0.008539264
0.008794601,-3.6597147,-2.1176412,-1.654219,0.008539264
0.008792144,-3.6597147,-2.1176412,-1.654219,0.008539264
0.008787941,-3.6597147,-2.1176412,-1.654219,0.008539264
0.008781839,-3.6597147,-2.1176412,-1.654219,0.008539264
0.00877364,-3.6597147,-2.1176412,-1.654219,0.008539264
0.008763117,-3.6597147,-2.1176412,-1.654219,0.008539264
0.0087500485,-3.6597147,-2.1176412,-1.654219,0.008539264
0.00873426,-3.6597147,-2.1176412,-1.654219,0.008539264
0.008715684,-3.6597147,-2.1176412,-1.654219,0.008539264
0.008694429,-3.6597147,-2.1176412,-1.654219,0.008539264
0.00867087,-3.6597147,-2.1176412,-1.654219,0.008539264
0.008645725,-3.6597147,-2.117641,-1.6542188,0.008539272
0.008620077,-3.6597147,-2.117641,-1.6542188,0.008539272
0.008595399,-3.6597147,-2.1176412,-1.654219,0.008539264
0.008573456,-3.6597147,-2.1176412,-1.654219,0.008539264
0.008556073,-3.6597147,-2.1176412,-1.654219,0.008539264
0.00854488,-3.6597147,-2.1176412,-1.654219,0.008539264
0.008541013,-3.6597147,-2.1176412,-1.654219,0.008539264
0.13675456,-1.1549143,-0.6703192,-0.61340016,0.030542862
0.11953828,-1.1549143,-0.6703192,-0.61340016,0.030542862
0.08918473,-1.1549143,-0.6703192,-0.61340016,0.030542862
0.06678746,-1.1549143,-0.6703192,-0.61340016,0.030542862
0.053602792,-1.1549143,-0.6703192,-0.61340016,0.030542862
0.046073083,-1.1549143,-0.6703192,-0.61340016,0.030542862
0.041627135,-1.1549143,-0.6703192,-0.61340016,0.030542862
0.038869828,-1.1549143,-0.6703192,-0.61340016,0.030542862
0.037075512,-1.1549143,-0.6703192,-0.61340016,0.030542862
0.035858236,-1.1549143,-0.6703192,-0.61340016,0.030542862
0.03500417,-1.1549143,-0.6703192,-0.61340016,0.030542862
0.034389567,-1.1549143,-0.6703192,-0.61340016,0.030542862
0.033939872,-1.1549143,-0.6703192,-0.61340016,0.030542862
0.03360863,-1.1549143,-0.6703192,-0.61340016,0.030542862
0.03336612,-1.1549143,-0.6703192,-0.61340016,0.030542862
0.033193063,-1.1549143,-0.6703192,-0.61340016,0.030542862
0.033076994,-1.1549143,-0.6703192,-0.61340016,0.030542862
0.03301017,-1.1549143,-0.6703192,-0.61340016,0.030542862
0.032988343,-1.1549143,-0.6703192,-0.61340016,0.030542862
0.03301017,-1.1549143,-0.6703192,-0.61340016,0.030542862
0.033076994,-1.1549143,-0.6703192,-0.61340016,0.030542862
0.033193063,-1.1549143,-0.6703192,-0.61340016,0.030542862
0.03336612,-1.1549143,-0.6703192,-0.61340016,0.030542862
0.03360863,-1.1549143,-0.6703192,-0.61340016,0.030542862
0.033939872,-1.1549143,-0.6703192,-0.61340016,0.030542862
0.034389563,-1.1549141,-0.6703192,-0.61340016,0.030542862
0.03500417,-1.1549141,-0.6703192,-0.61340016,0.030542862
0.035858236,-1.1549143,-0.6703192,-0.61340016,0.030542862
0.03707551,-1.1549143,-0.6703192,-0.61340016,0.030542862
0.03886982,-1.1549143,-0.6703192,-0.61340016,0.030542862
0.041627128,-1.1549143,-0.6703192,-0.61340016,0.030542862
0.04607307,-1.1549143,-0.6703192,-0.61340016,0.030542862
0.05360277,-1.1549143,-0.6703192,-0.61340016,0.030542862
0.06678744,-1.1549143,-0.6703192,-0.61340016,0.030542862
0.08918464,-1.1549143,-0.6703192,-0.61340016,0.030542862
0.11953813,-1.1549143,-0.6703192,-0.61340016,0.030542862
0.13675456,-1.1549143,-0.6703192,-0.61340016,0.030542862
-0.0033331471,-1.5057449,-0.8520155,-0.7763403,-0.0020559684
-0.0031853837,-1.5057449,-0.8520155,-0.7763403,-0.0020559684
-0.002807362,-1.5057449,-0.8520155,-0.7763403,-0.0020559684
-0.0023424623,-1.5057449,-0.8520155,-0.7763403,-0.0020559684
-0.0019174553,-1.5057449,-0.8520155,-0.7763403,-0.0020559684
-0.0015950816,-1.5057449,-0.8520155,-0.7763403,-0.0020559684
-0.0013830507,-1.5057449,-0.8520155,-0.7763403,-0.0020559684
-0.0012617027,-1.5057449,-0.8520155,-0.7763403,-0.0020559684
-0.0012048665,-1.5057449,-0.8520155,-0.7763403,-0.0020559684
-0.001189605,-1.5057449,-0.8520155,-0.7763403,-0.0020559684
-0.0011988373,-1.5057449,-0.8520155,-0.7763403,-0.0020559684
-0.001220878,-1.5057449,-0.8520155,-0.7763403,-0.0020559684
-0.0012481201,-1.5057449,-0.8520155,-0.7763403,-0.0020559684
-0.0012757698,-1.5057449,-0.8520155,-0.7763403,-0.0020559684
-0.0013008751,-1.5057449,-0.8520155,-0.7763403,-0.0020559684
-0.001321655,-1.5057449,-0.8520155,-0.7763403,-0.0020559684
-0.0013370612,-1.5057449,-0.8520155,-0.7763403,-0.0020559684
-0.0013465018,-1.5057449,-0.8520155,-0.7763403,-0.0020559684
-0.0013496788,-1.5057449,-0.8520155,-0.7763403,-0.0020559684
-0.0013465018,-1.5057449,-0.8520155,-0.7763403,-0.0020559684
-0.0013370871,-1.505745,-0.8520156,-0.7763403,-0.0020559945
-0.0013216811,-1.505745,-0.8520156,-0.7763403,-0.0020559945
-0.0013008751,-1.5057449,-0.8520155,-0.7763403,-0.0020559684
-0.0012757698,-1.5057449,-0.8520155,-0.7763403,-0.0020559684
-0.0012481201,-1.5057449,-0.8520155,-0.7763403,-0.0020559684
-0.0012208779,-1.5057449,-0.8520155,-0.7763403,-0.0020559684
-0.0011988373,-1.5057449,-0.8520155,-0.7763403,-0.0020559684
-0.0011896049,-1.5057449,-0.8520155,-0.7763403,-0.0020559684
-0.0012048666,-1.5057449,-0.8520155,-0.7763403,-0.0020559684
-0.0012617026,-1.5057449,-0.8520155,-0.7763403,-0.0020559684
-0.0013830503,-1.5057449,-0.8520155,-0.7763403,-0.0020559684
-0.0015950813,-1.5057449,-0.8520155,-0.7763403,-0.0020559684
-0.0019174548,-1.5057449,-0.8520155,-0.7763403,-0.0020559684
-0.0023424614,-1.5057449,-0.8520155,-0.7763403,-0.0020559684
-0.0028073604,-1.5057449,-0.8520155,-0.7763403,-0.0020559684
-0.0031853819,-1.5057449,-0.8520155,-0.7763403,-0.0020559684
-0.0033331471,-1.5057449,-0.8520155,-0.7763403,-0.0020559684
0.015338491,-1.4306107,-0.82582206,-0.73203236,0.007883533
0.015085011,-1.4306107,-0.82582206,-0.73203236,0.007883533
0.0144303115,-1.4306107,-0.82582206,-0.73203236,0.007883533
0.01359274,-1.4306107,-0.82582206,-0.73203236,0.007883533
0.012753572,-1.4306107,-0.82582206,-0.73203236,0.007883533
0.012007538,-1.4306107,-0.82582206,-0.73203236,0.007883533
0.011384048,-1.4306107,-0.82582206,-0.73203236,0.007883533
0.010879004,-1.4306107,-0.82582206,-0.73203236,0.007883533
0.010475863,-1.4306107,-0.82582206,-0.73203236,0.007883533
0.010156011,-1.4306107,-0.82582206,-0.73203236,0.007883533
0.009902859,-1.4306107,-0.82582206,-0.73203236,0.007883533
0.009702921,-1.4306107,-0.82582206,-0.73203236,0.007883533
0.009545727,-1.4306107,-0.82582206,-0.73203236,0.007883533
0.009423353,-1.4306107,-0.82582206,-0.73203236,0.007883533
0.009329911,-1.4306107,-0.82582206,-0.73203236,0.007883533
0.009261129,-1.4306105,-0.825822,-0.73203236,0.007883544
0.00921396,-1.4306105,-0.825822,-0.73203236,0.007883544
0.009186405,-1.4306107,-0.82582206,-0.73203236,0.007883533
0.009177347,-1.4306107,-0.82582206,-0.73203236,0.007883533
0.009186405,-1.4306107,-0.82582206,-0.73203236,0.007883533
0.00921395,-1.4306107,-0.82582206,-0.73203236,0.007883533
0.009261118,-1.4306107,-0.82582206,-0.73203236,0.007883533
0.009329911,-1.4306107,-0.82582206,-0.73203236,0.007883533
0.009423353,-1.4306107,-0.82582206,-0.73203236,0.007883533
0.009545727,-1.4306107,-0.82582206,-0.73203236,0.007883533
0.009702921,-1.4306107,-0.82582206,-0.73203236,0.007883533
0.009902859,-1.4306107,-0.82582206,-0.73203236,0.007883533
0.010156012,-1.4306107,-0.82582206,-0.73203236,0.007883533
0.010475862,-1.4306107,-0.82582206,-0.73203236,0.007883533
0.010879003,-1.4306107,-0.82582206,-0.73203236,0.007883533
0.011384047,-1.4306107,-0.82582206,-0.73203236,0.007883533
0.012007537,-1.4306107,-0.82582206,-0.73203236,0.007883533
0.012753572,-1.4306107,-0.82582206,-0.73203236,0.007883533
0.0135927405,-1.4306107,-0.82582206,-0.73203236,0.007883533
0.014430309,-1.4306107,-0.82582206,-0.73203236,0.007883533
0.015085011,-1.4306107,-0.82582206,-0.73203236,0.007883533
0.015338491,-1.4306107,-0.82582206,-0.73203236,0.007883533
0.1494428,-1.2559069,-0.7341301,-0.6327198,0.052372385
0.14152037,-1.2559069,-0.7341301,-0.6327198,0.052372385
0.123495564,-1.2559069,-0.7341301,-0.6327198,0.052372385
0.10479252,-1.2559069,-0.7341301,-0.6327198,0.052372385
0.09002701,-1.2559069,-0.7341301,-0.6327198,0.052372385
0.0796096,-1.2559069,-0.7341301,-0.6327198,0.052372385
0.07253699,-1.2559069,-0.7341301,-0.6327198,0.052372385
0.06775201,-1.2559069,-0.7341301,-0.6327198,0.052372385
0.06447512,-1.2559069,-0.7341301,-0.6327198,0.052372385
0.06219022,-1.2559069,-0.7341301,-0.6327198,0.052372385
0.060567107,-1.255907,-0.7341301,-0.6327198,0.052372385
0.05939544,-1.255907,-0.7341301,-0.6327198,0.052372385
0.058540113,-1.2559069,-0.7341301,-0.6327198,0.052372385
0.057913274,-1.2559069,-0.7341301,-0.6327198,0.052372385
0.057457164,-1.2559069,-0.7341301,-0.6327198,0.052372385
0.057133634,-1.2559069,-0.7341301,-0.6327198,0.052372385
0.05691775,-1.2559069,-0.7341301,-0.6327198,0.052372385
0.056793906,-1.2559069,-0.7341301,-0.6327198,0.052372385
0.05675353,-1.2559069,-0.7341301,-0.6327198,0.052372385
0.056793906,-1.2559069,-0.7341301,-0.6327198,0.052372385
0.05691775,-1.2559069,-0.7341301,-0.6327198,0.052372385
0.057133634,-1.2559069,-0.7341301,-0.6327198,0.052372385
0.057457164,-1.2559069,-0.7341301,-0.6327198,0.052372385
0.057913274,-1.2559069,-0.7341301,-0.6327198,0.052372385
0.058540113,-1.2559069,-0.7341301,-0.6327198,0.052372385
0.05939544,-1.2559069,-0.7341301,-0.6327198,0.052372385
0.060567107,-1.2559069,-0.7341301,-0.6327198,0.052372385
0.06219022,-1.2559069,-0.7341301,-0.6327198,0.052372385
0.06447512,-1.2559069,-0.7341301,-0.6327198,0.052372385
0.067752,-1.2559069,-0.7341301,-0.6327198,0.052372385
0.072536975,-1.2559069,-0.7341301,-0.6327198,0.052372385
0.079609595,-1.2559069,-0.7341301,-0.6327198,0.052372385
0.090027,-1.2559069,-0.7341301,-0.6327198,0.052372385
0.104792476,-1.2559069,-0.7341301,-0.6327198,0.052372385
0.12349549,-1.2559069,-0.7341301,-0.6327198,0.052372385
0.14152032,-1.2559069,-0.7341301,-0.6327198,0.052372385
0.1494428,-1.2559069,-0.7341301,-0.6327198,0.052372385
0.0022965844,-1.1096778,-0.6191826,-0.5905666,0.0037594798
0.0023974266,-1.1096778,-0.6191826,-0.5905666,0.0037594798
0.0026755247,-1.1096778,-0.6191826,-0.5905666,0.0037594798
0.0030685484,-1.1096778,-0.6191826,-0.5905666,0.0037594798
0.003501545,-1.1096778,-0.6191826,-0.5905666,0.0037594798
0.0039108917,-1.1096777,-0.6191825,-0.59056646,0.0037594817
0.004256524,-1.1096777,-0.6191825,-0.59056646,0.0037594817
0.004522166,-1.1096778,-0.6191826,-0.5905666,0.0037594798
0.0047089295,-1.1096778,-0.6191826,-0.5905666,0.0037594798
0.004827668,-1.1096778,-0.6191826,-0.5905666,0.0037594798
0.0048930016,-1.1096778,-0.6191826,-0.5905666,0.0037594798
0.0049196254,-1.1096778,-0.6191826,-0.5905666,0.0037594798
0.004920488,-1.1096778,-0.6191826,-0.5905666,0.0037594798
0.004906168,-1.1096778,-0.6191826,-0.5905666,0.0037594798
0.0048848754,-1.1096778,-0.6191826,-0.5905666,0.0037594798
0.004862725,-1.1096778,-0.6191826,-0.5905666,0.0037594798
0.004844065,-1.1096778,-0.6191826,-0.5905666,0.0037594798
0.0048317784,-1.1096778,-0.6191826,-0.5905666,0.0037594798
0.0048275054,-1.1096778,-0.6191826,-0.5905666,0.0037594798
0.0048317784,-1.1096778,-0.6191826,-0.5905666,0.0037594798
0.004844065,-1.1096778,-0.6191826,-0.5905666,0.0037594798
0.004862725,-1.1096778,-0.6191826,-0.5905666,0.0037594798
0.0048848754,-1.1096778,-0.6191826,-0.5905666,0.0037594798
0.004906168,-1.1096778,-0.6191826,-0.5905666,0.0037594798
0.004920488,-1.1096778,-0.6191826,-0.5905666,0.0037594798
0.004919625,-1.1096778,-0.6191826,-0.5905666,0.0037594798
0.0048930016,-1.1096778,-0.6191826,-0.5905666,0.0037594798
0.004827668,-1.1096778,-0.6191826,-0.5905666,0.0037594798
0.00470893,-1.1096778,-0.6191826,-0.5905666,0.0037594798
0.004522167,-1.1096778,-0.6191826,-0.5905666,0.0037594798
0.004256522,-1.1096778,-0.6191826,-0.5905666,0.0037594798
0.003910889,-1.1096778,-0.6191826,-0.5905666,0.0037594798
0.0035015463,-1.1096778,-0.6191826,-0.5905666,0.0037594798
0.0030685493,-1.1096778,-0.6191826,-0.5905666,0.0037594798
0.0026755247,-1.1096778,-0.6191826,-0.5905666,0.0037594798
0.0023974276,-1.1096778,-0.6191826,-0.5905666,0.0037594798
0.0022965844,-1.1096778,-0.6191826,-0.5905666,0.0037594798
0.011063507,-2.8053079,-1.6316483,-1.281175,0.0067444714
0.010942329,-2.8053079,-1.6316483,-1.281175,0.0067444714
0.010624671,-2.8053079,-1.6316482,-1.281175,0.006744501
0.010209929,-2.8053079,-1.6316482,-1.281175,0.006744501
0.00978659,-2.8053079,-1.6316482,-1.281175,0.006744501
0.0094039915,-2.8053079,-1.6316482,-1.281175,0.006744501
0.0090789795,-2.8053079,-1.6316482,-1.281175,0.006744501
0.008811061,-2.8053079,-1.6316482,-1.281175,0.006744501
0.008593153,-2.8053079,-1.6316482,-1.281175,0.006744501
0.008416901,-2.8053079,-1.6316482,-1.281175,0.006744501
0.008274747,-2.8053079,-1.6316482,-1.281175,0.006744501
0.008160479,-2.8053079,-1.6316482,-1.281175,0.006744501
0.008069212,-2.8053079,-1.6316482,-1.281175,0.006744501
0.00799719,-2.8053079,-1.6316482,-1.281175,0.006744501
0.007941577,-2.8053079,-1.6316482,-1.281175,0.006744501
0.00790027,-2.8053079,-1.6316482,-1.281175,0.006744501
0.007871763,-2.8053079,-1.6316482,-1.281175,0.006744501
0.007855046,-2.8053079,-1.6316482,-1.281175,0.006744501
0.007849536,-2.8053079,-1.6316482,-1.281175,0.006744501
0.007855046,-2.8053079,-1.6316482,-1.281175,0.006744501
0.007871763,-2.8053079,-1.6316482,-1.281175,0.006744501
0.00790027,-2.8053079,-1.6316482,-1.281175,0.006744501
0.007941577,-2.8053079,-1.6316482,-1.281175,0.006744501
0.00799719,-2.8053079,-1.6316482,-1.281175,0.006744501
0.008069212,-2.8053079,-1.6316482,-1.281175,0.006744501
0.008160479,-2.8053079,-1.6316482,-1.281175,0.006744501
0.008274747,-2.8053079,-1.6316482,-1.281175,0.006744501
0.008416901,-2.8053079,-1.6316482,-1.281175,0.006744501
0.008593153,-2.8053079,-1.6316482,-1.281175,0.006744501
0.00881106,-2.8053079,-1.6316482,-1.281175,0.006744501
0.0090789795,-2.8053079,-1.6316482,-1.281175,0.006744501
0.009403989,-2.8053079,-1.6316482,-1.281175,0.006744501
0.009786558,-2.8053079,-1.6316483,-1.281175,0.0067444714
0.010209899,-2.8053079,-1.6316483,-1.281175,0.0067444714
0.010624672,-2.8053079,-1.6316482,-1.281175,0.006744501
0.010942357,-2.8053079,-1.6316482,-1.281175,0.006744501
0.011063537,-2.8053079,-1.6316482,-1.281175,0.006744501
0.031514388,-1.3459648,-0.77830154,-0.68270177,0.018213388
0.030960515,-1.3459648,-0.77830154,-0.68270177,0.018213388
0.029563546,-1.3459648,-0.77830154,-0.68270177,0.018213388
0.027850628,-1.3459648,-0.77830154,-0.68270177,0.018213388
0.026219944,-1.3459648,-0.77830154,-0.68270177,0.018213388
0.024840793,-1.3459648,-0.77830154,-0.68270177,0.018213388
0.023736833,-1.3459648,-0.77830154,-0.68270177,0.018213388
0.02287324,-1.3459648,-0.77830154,-0.68270177,0.018213388
0.022202432,-1.3459648,-0.77830154,-0.68270177,0.018213388
0.021681292,-1.3459648,-0.77830154,-0.68270177,0.018213388
0.021275416,-1.3459648,-0.77830154,-0.68270177,0.018213388
0.020958787,-1.3459648,-0.77830154,-0.68270177,0.018213388
0.020712178,-1.3459648,-0.77830154,-0.68270177,0.018213388
0.020521564,-1.3459648,-0.77830154,-0.68270177,0.018213388
0.020376798,-1.3459648,-0.77830154,-0.68270177,0.018213388
0.02027063,-1.3459648,-0.77830154,-0.68270177,0.018213388
0.020198038,-1.3459648,-0.77830154,-0.68270177,0.018213388
0.020155722,-1.3459648,-0.77830154,-0.68270177,0.018213388
0.020141818,-1.3459648,-0.77830154,-0.68270177,0.018213388
0.020155722,-1.3459648,-0.77830154,-0.68270177,0.018213388
0.020198038,-1.3459648,-0.77830154,-0.68270177,0.018213388
0.02027063,-1.3459648,-0.77830154,-0.68270177,0.018213388
0.020376798,-1.3459648,-0.77830154,-0.68270177,0.018213388
0.020521564,-1.3459648,-0.77830154,-0.68270177,0.018213388
0.020712178,-1.3459648,-0.77830154,-0.68270177,0.018213388
0.020958787,-1.3459648,-0.77830154,-0.68270177,0.018213388
0.021275416,-1.3459648,-0.77830154,-0.68270177,0.018213388
0.021681309,-1.3459647,-0.7783015,-0.68270177,0.018213402
0.022202447,-1.3459647,-0.7783015,-0.68270177,0.018213402
0.022873238,-1.3459648,-0.77830154,-0.68270177,0.018213388
0.02373683,-1.3459648,-0.77830154,-0.68270177,0.018213388
0.02484079,-1.3459648,-0.77830154,-0.68270177,0.018213388
0.026219938,-1.3459648,-0.77830154,-0.68270177,0.018213388
0.027850624,-1.3459648,-0.77830154,-0.68270177,0.018213388
0.029563542,-1.3459648,-0.77830154,-0.68270177,0.018213388
0.03096051,-1.3459648,-0.77830154,-0.68270177,0.018213388
0.031514388,-1.3459648,-0.77830154,-0.68270177,0.018213388
0.023121145,-2.2092862,-1.2832675,-1.0245003,0.016488135
0.022970539,-2.2092862,-1.2832675,-1.0245003,0.016488135
0.022563279,-2.2092862,-1.2832675,-1.0245003,0.016488135
0.022003416,-2.2092862,-1.2832675,-1.0245003,0.016488135
0.021397598,-2.2092862,-1.2832675,-1.0245003,0.016488135
0.020819519,-2.2092862,-1.2832675,-1.0245003,0.016488135
0.020305978,-2.2092862,-1.2832675,-1.0245003,0.016488135
0.01986806,-2.2092862,-1.2832675,-1.0245003,0.016488135
0.019503225,-2.2092862,-1.2832675,-1.0245003,0.016488135
0.01920335,-2.2092862,-1.2832675,-1.0245003,0.016488135
0.018959025,-2.2092862,-1.2832675,-1.0245003,0.016488135
0.01876146,-2.2092862,-1.2832675,-1.0245003,0.016488135
0.018603167,-2.2092862,-1.2832675,-1.0245003,0.016488135
0.018478084,-2.2092862,-1.2832675,-1.0245003,0.016488135
0.018381473,-2.2092862,-1.2832675,-1.0245003,0.016488135
0.01830973,-2.2092862,-1.2832675,-1.0245003,0.016488135
0.018260237,-2.2092862,-1.2832675,-1.0245003,0.016488135
0.018231224,-2.2092862,-1.2832675,-1.0245003,0.016488135
0.018221665,-2.2092862,-1.2832675,-1.0245003,0.016488135
0.018231224,-2.2092862,-1.2832675,-1.0245003,0.016488135
0.018260237,-2.2092862,-1.2832675,-1.0245003,0.016488135
0.01830973,-2.2092862,-1.2832675,-1.0245003,0.016488135
0.018381443,-2.2092862,-1.2832675,-1.0245003,0.016488105
0.018478055,-2.2092862,-1.2832675,-1.0245003,0.016488105
0.018603167,-2.2092862,-1.2832675,-1.0245003,0.016488135
0.018761458,-2.2092862,-1.2832675,-1.0245003,0.016488135
0.018959025,-2.2092862,-1.2832675,-1.0245003,0.016488135
0.01920335,-2.2092862,-1.2832675,-1.0245003,0.016488135
0.019503225,-2.2092862,-1.2832675,-1.0245003,0.016488135
0.019868057,-2.2092862,-1.2832675,-1.0245003,0.016488135
0.020305976,-2.2092862,-1.2832675,-1.0245003,0.016488135
0.02081952,-2.2092862,-1.2832675,-1.0245003,0.016488135
0.021397598,-2.2092862,-1.2832675,-1.0245003,0.016488135
0.022003418,-2.2092862,-1.2832675,-1.0245003,0.016488135
0.022563275,-2.2092862,-1.2832675,-1.0245003,0.016488135
0.022970537,-2.2092862,-1.2832675,-1.0245003,0.016488135
0.023121145,-2.2092862,-1.2832675,-1.0245003,0.016488135
-0.004526728,-1.2588698,-0.7016289,-0.6787673,-0.0013693527
-0.0041744784,-1.2588698,-0.7016289,-0.6787673,-0.0013693527
-0.0032984873,-1.2588698,-0.7016289,-0.6787673,-0.0013693527
-0.0022750658,-1.2588698,-0.7016289,-0.6787673,-0.0013693527
-0.0014003725,-1.2588698,-0.7016289,-0.6787673,-0.0013693527
-0.0007875393,-1.2588698,-0.7016289,-0.6787673,-0.0013693527
-0.00042129168,-1.2588698,-0.7016289,-0.6787673,-0.0013693527
-0.00023863686,-1.2588698,-0.7016289,-0.6787673,-0.0013693527
-0.00017571053,-1.2588698,-0.7016289,-0.6787673,-0.0013693527
-0.00018360815,-1.2588698,-0.7016289,-0.6787673,-0.0013693527
-0.00022924878,-1.2588698,-0.7016289,-0.6787673,-0.0013693527
-0.00029168418,-1.2588698,-0.7016289,-0.6787673,-0.0013693527
-0.00035814883,-1.2588698,-0.7016289,-0.6787673,-0.0013693527
-0.00042105484,-1.2588698,-0.7016289,-0.6787673,-0.0013693527
-0.00047597435,-1.2588698,-0.7016289,-0.6787673,-0.0013693527
-0.00052036694,-1.2588698,-0.7016289,-0.6787673,-0.0013693527
-0.000552805,-1.2588698,-0.7016289,-0.6787673,-0.0013693527
-0.00057250354,-1.2588698,-0.7016289,-0.6787673,-0.0013693396
-0.0005791114,-1.2588698,-0.7016289,-0.6787673,-0.0013693396
-0.00057251647,-1.2588698,-0.7016289,-0.6787673,-0.0013693527
-0.0005528051,-1.2588698,-0.7016289,-0.6787673,-0.0013693527
-0.00052036694,-1.2588698,-0.7016289,-0.6787673,-0.0013693527
-0.0004759743,-1.2588698,-0.7016289,-0.6787673,-0.0013693527
-0.00042105484,-1.2588698,-0.7016289,-0.6787673,-0.0013693527
-0.00035814883,-1.2588698,-0.7016289,-0.6787673,-0.0013693527
-0.00029168418,-1.2588698,-0.7016289,-0.6787673,-0.0013693527
-0.00022924866,-1.2588698,-0.7016289,-0.6787673,-0.0013693527
-0.00018360803,-1.2588698,-0.7016289,-0.6787673,-0.0013693527
-0.00017571053,-1.2588698,-0.7016289,-0.6787673,-0.0013693527
-0.00023863686,-1.2588698,-0.7016289,-0.6787673,-0.0013693527
-0.0004212911,-1.2588698,-0.7016289,-0.6787673,-0.0013693527
-0.00078753836,-1.2588698,-0.7016289,-0.6787673,-0.0013693527
-0.0014003722,-1.2588698,-0.7016289,-0.6787673,-0.0013693527
-0.0022750646,-1.2588698,-0.7016289,-0.6787673,-0.0013693527
-0.0032984845,-1.2588698,-0.7016289,-0.6787673,-0.0013693527
-0.0041744756,-1.2588698,-0.7016289,-0.6787673,-0.0013693527
-0.004526728,-1.2588698,-0.7016289,-0.6787673,-0.0013693527
0.026153207,-1.374343,-0.75755006,-0.74799836,0.029093912
0.026272131,-1.374343,-0.75755006,-0.74799836,0.029093912
0.026595905,-1.374343,-0.75755006,-0.74799836,0.029093912
0.027043346,-1.374343,-0.75755006,-0.74799836,0.029093912
0.027523514,-1.374343,-0.75755006,-0.74799836,0.029093912
0.027967129,-1.374343,-0.75755006,-0.74799836,0.029093912
0.028337296,-1.374343,-0.75755006,-0.74799836,0.029093912
0.028624227,-1.374343,-0.75755006,-0.74799836,0.029093912
0.028834466,-1.374343,-0.75755006,-0.74799836,0.029093912
0.02898155,-1.374343,-0.75755006,-0.74799836,0.029093912
0.029080214,-1.374343,-0.75755006,-0.74799836,0.029093912
0.0291436,-1.374343,-0.75755006,-0.74799836,0.029093912
0.029182341,-1.3743429,-0.75755006,-0.74799836,0.02909392
0.02920454,-1.3743429,-0.75755006,-0.74799836,0.02909392
0.029216172,-1.374343,-0.75755006,-0.74799836,0.029093912
0.029221507,-1.374343,-0.75755006,-0.74799836,0.029093912
0.029223464,-1.374343,-0.75755006,-0.74799836,0.029093912
0.029223936,-1.374343,-0.75755006,-0.74799836,0.029093912
0.02922398,-1.374343,-0.75755006,-0.74799836,0.029093912
0.029223936,-1.374343,-0.75755006,-0.74799836,0.029093912
0.029223464,-1.374343,-0.75755006,-0.74799836,0.029093912
0.029221507,-1.374343,-0.75755006,-0.74799836,0.029093912
0.029216172,-1.374343,-0.75755006,-0.74799836,0.029093912
0.029204533,-1.374343,-0.75755006,-0.74799836,0.029093912
0.029182333,-1.374343,-0.75755006,-0.74799836,0.029093912
0.0291436,-1.374343,-0.75755006,-0.74799836,0.029093912
0.029080214,-1.374343,-0.75755006,-0.74799836,0.029093912
0.02898155,-1.374343,-0.75755006,-0.74799836,0.029093912
0.028834466,-1.374343,-0.75755006,-0.74799836,0.029093912
0.028624227,-1.374343,-0.75755006,-0.74799836,0.029093912
0.028337296,-1.374343,-0.75755006,-0.74799836,0.029093912
0.027967129,-1.374343,-0.75755006,-0.74799836,0.029093912
0.027523516,-1.374343,-0.75755006,-0.74799836,0.029093912
0.027043346,-1.374343,-0.75755006,-0.74799836,0.029093912
0.026595907,-1.374343,-0.75755006,-0.74799836,0.029093912
0.026272133,-1.374343,-0.75755006,-0.74799836,0.029093912
0.026153207,-1.374343,-0.75755006,-0.74799836,0.029093912
0.13999589,-1.5370196,-0.90041816,-0.7503223,0.053043824
0.13235928,-1.5370196,-0.90041816,-0.7503223,0.053043824
0.11549233,-1.5370196,-0.90041816,-0.7503223,0.053043824
0.0986362,-1.5370196,-0.90041816,-0.7503223,0.053043824
0.085689045,-1.5370196,-0.90041816,-0.7503223,0.053043824
0.076677784,-1.5370196,-0.90041816,-0.7503223,0.053043824
0.07058191,-1.5370196,-0.90041816,-0.7503223,0.053043824
0.066451244,-1.5370196,-0.90041816,-0.7503223,0.05304384
0.063612744,-1.5370196,-0.90041816,-0.7503223,0.05304384
0.061626736,-1.5370196,-0.90041816,-0.7503223,0.053043824
0.06021224,-1.5370196,-0.90041816,-0.7503223,0.053043824
0.059189506,-1.5370196,-0.90041816,-0.7503223,0.053043824
0.05844237,-1.5370196,-0.90041816,-0.7503223,0.053043824
0.057894822,-1.5370196,-0.90041816,-0.7503223,0.053043824
0.057496585,-1.5370196,-0.90041816,-0.7503223,0.053043824
0.057214294,-1.5370196,-0.90041816,-0.7503223,0.053043824
0.05702606,-1.5370196,-0.90041816,-0.7503223,0.053043824
0.056918133,-1.5370196,-0.90041816,-0.7503223,0.053043824
0.056882963,-1.5370196,-0.90041816,-0.7503223,0.053043824
0.056918133,-1.5370196,-0.90041816,-0.7503223,0.053043824
0.05702606,-1.5370196,-0.90041816,-0.7503223,0.053043824
0.057214294,-1.5370196,-0.90041816,-0.7503223,0.053043824
0.057496585,-1.5370196,-0.90041816,-0.7503223,0.053043824
0.057894822,-1.5370196,-0.90041816,-0.7503223,0.053043824
0.05844237,-1.5370196,-0.90041816,-0.7503223,0.053043824
0.059189506,-1.5370196,-0.90041816,-0.7503223,0.053043824
0.06021224,-1.5370196,-0.90041816,-0.7503223,0.053043824
0.061626736,-1.5370196,-0.90041816,-0.7503223,0.053043824
0.06361273,-1.5370196,-0.90041816,-0.7503223,0.053043824
0.06645122,-1.5370196,-0.90041816,-0.7503223,0.053043824
0.0705819,-1.5370196,-0.90041816,-0.7503223,0.053043824
0.07667778,-1.5370196,-0.90041816,-0.7503223,0.053043824
0.08568902,-1.5370196,-0.90041816,-0.7503223,0.053043824
0.09863621,-1.5370196,-0.90041816,-0.7503223,0.053043824
0.11549232,-1.5370196,-0.90041816,-0.7503223,0.053043824
0.13235918,-1.5370196,-0.90041816,-0.7503223,0.053043824
0.13999589,-1.5370196,-0.90041816,-0.7503223,0.053043824
0.12987758,-1.0564096,-0.6126405,-0.5347157,0.049712617
0.1267172,-1.0564096,-0.6126405,-0.5347157,0.049712617
0.11846165,-1.0564095,-0.6126405,-0.5347157,0.049712613
0.107808426,-1.0564095,-0.6126405,-0.5347157,0.049712613
0.09719751,-1.0564096,-0.6126405,-0.5347157,0.049712617
0.08797526,-1.0564096,-0.6126405,-0.5347157,0.049712617
0.08053606,-1.0564096,-0.6126405,-0.5347157,0.049712617
0.07476284,-1.0564096,-0.6126405,-0.5347157,0.049712617
0.0703603,-1.0564096,-0.6126405,-0.5347157,0.049712617
0.06702183,-1.0564096,-0.6126405,-0.5347157,0.049712617
0.064489774,-1.0564096,-0.6126405,-0.5347157,0.049712617
0.06256592,-1.0564096,-0.6126405,-0.5347157,0.049712617
0.061104108,-1.0564096,-0.6126405,-0.5347157,0.049712617
0.059998844,-1.0564096,-0.6126405,-0.5347157,0.049712617
0.059175067,-1.0564096,-0.6126405,-0.5347157,0.049712617
0.058580093,-1.0564096,-0.6126405,-0.5347157,0.049712617
0.05817793,-1.0564096,-0.6126405,-0.5347157,0.049712617
0.057945296,-1.0564096,-0.6126405,-0.5347157,0.049712617
0.057869155,-1.0564096,-0.6126405,-0.5347157,0.049712617
0.057945296,-1.0564096,-0.6126405,-0.5347157,0.049712617
0.05817793,-1.0564096,-0.6126405,-0.5347157,0.049712617
0.058580093,-1.0564096,-0.6126405,-0.5347157,0.049712617
0.059175067,-1.0564096,-0.6126405,-0.5347157,0.049712617
0.059998844,-1.0564096,-0.6126405,-0.5347157,0.049712617
0.061104108,-1.0564096,-0.6126405,-0.5347157,0.049712617
0.06256592,-1.0564096,-0.6126405,-0.5347157,0.049712617
0.064489774,-1.0564096,-0.6126405,-0.5347157,0.049712617
0.06702183,-1.0564096,-0.6126405,-0.5347157,0.049712617
0.0703603,-1.0564096,-0.6126405,-0.5347157,0.049712617
0.074762836,-1.0564096,-0.6126405,-0.5347157,0.049712617
0.080536045,-1.0564096,-0.6126405,-0.5347157,0.049712617
0.08797525,-1.0564096,-0.6126405,-0.5347157,0.049712617
0.0971975,-1.0564096,-0.6126405,-0.5347157,0.049712617
0.107808396,-1.0564096,-0.6126405,-0.5347157,0.049712617
0.11846163,-1.0564095,-0.6126405,-0.5347157,0.049712613
0.12671718,-1.0564095,-0.6126405,-0.5347157,0.049712613
0.12987758,-1.0564096,-0.6126405,-0.5347157,0.049712617
0.04846798,-1.0859149,-0.6222788,-0.5804948,0.016008396
0.04614119,-1.0859149,-0.6222788,-0.5804948,0.016008396
0.040845405,-1.0859149,-0.6222788,-0.5804948,0.016008396
0.03528837,-1.0859149,-0.6222788,-0.5804948,0.016008396
0.030769244,-1.0859149,-0.6222788,-0.5804948,0.016008396
0.027427217,-1.0859149,-0.6222788,-0.5804948,0.016008396
0.025020909,-1.0859149,-0.6222788,-0.5804948,0.016008396
0.023284769,-1.0859149,-0.6222788,-0.5804948,0.016008396
0.022015827,-1.0859149,-0.6222788,-0.5804948,0.016008396
0.02107373,-1.0859149,-0.6222788,-0.5804948,0.016008396
0.020364214,-1.0859149,-0.6222788,-0.5804948,0.016008396
0.019824114,-1.0859149,-0.6222788,-0.5804948,0.016008396
0.019410813,-1.0859149,-0.6222788,-0.5804948,0.016008396
0.019095307,-1.0859149,-0.6222788,-0.5804948,0.016008396
0.018857727,-1.0859149,-0.6222788,-0.5804948,0.016008396
0.01868449,-1.0859149,-0.6222788,-0.5804948,0.016008396
0.01856646,-1.0859149,-0.6222788,-0.5804948,0.016008396
0.018497802,-1.0859149,-0.6222788,-0.5804948,0.016008396
0.018475264,-1.0859149,-0.6222788,-0.5804948,0.016008396
0.018497802,-1.0859149,-0.6222788,-0.5804948,0.016008396
0.01856646,-1.0859149,-0.6222788,-0.5804948,0.016008396
0.01868449,-1.0859149,-0.6222788,-0.5804948,0.016008396
0.018857727,-1.0859149,-0.6222788,-0.5804948,0.016008396
0.019095307,-1.0859149,-0.6222788,-0.5804948,0.016008396
0.019410813,-1.0859149,-0.6222788,-0.5804948,0.016008396
0.019824114,-1.0859149,-0.6222788,-0.5804948,0.016008396
0.020364214,-1.0859149,-0.6222788,-0.5804948,0.016008396
0.02107373,-1.0859149,-0.6222788,-0.5804948,0.016008396
0.022015825,-1.0859149,-0.6222788,-0.5804948,0.016008396
0.023284795,-1.085915,-0.62227875,-0.5804948,0.016008422
0.025020929,-1.085915,-0.62227875,-0.5804948,0.016008422
0.027427213,-1.0859149,-0.6222788,-0.5804948,0.016008396
0.03076924,-1.0859149,-0.6222788,-0.5804948,0.016008396
0.03528836,-1.0859149,-0.6222788,-0.5804948,0.016008396
0.040845387,-1.0859149,-0.6222788,-0.5804948,0.016008396
0.046141185,-1.0859149,-0.6222788,-0.5804948,0.016008396
0.04846798,-1.0859149,-0.6222788,-0.5804948,0.016008396
0.17718582,-1.2286783,-0.7187,-0.6381219,0.04518364
0.15801218,-1.2286783,-0.7187,-0.6381219,0.04518364
0.122253895,-1.2286783,-0.7187,-0.6381219,0.04518364
0.09392822,-1.2286783,-0.7187,-0.6381219,0.04518364
0.0763276,-1.2286783,-0.7187,-0.6381219,0.04518364
0.06596927,-1.2286783,-0.7187,-0.6381219,0.04518364
0.059790067,-1.2286783,-0.7187,-0.6381219,0.04518364
0.05596935,-1.2286783,-0.7187,-0.6381219,0.04518364
0.053509586,-1.2286783,-0.7187,-0.6381219,0.04518364
0.051864997,-1.2286783,-0.7187,-0.6381219,0.04518364
0.050729305,-1.2286783,-0.7187,-0.6381219,0.04518364
0.049924776,-1.2286783,-0.7187,-0.6381219,0.04518364
0.04934467,-1.2286783,-0.7187,-0.6381219,0.04518364
0.048922908,-1.2286783,-0.7187,-0.6381219,0.04518364
0.04861755,-1.2286783,-0.7187,-0.6381219,0.04518364
0.048401617,-1.2286783,-0.7187,-0.6381219,0.04518364
0.048257787,-1.2286783,-0.7187,-0.6381219,0.04518364
0.048175357,-1.2286783,-0.7187,-0.6381219,0.04518364
0.048148498,-1.2286783,-0.7187,-0.6381219,0.04518364
0.048175357,-1.2286783,-0.7187,-0.6381219,0.04518364
0.048257787,-1.2286783,-0.7187,-0.6381219,0.04518364
0.048401617,-1.2286783,-0.7187,-0.6381219,0.04518364
0.04861755,-1.2286783,-0.7187,-0.6381219,0.04518364
0.048922908,-1.2286783,-0.7187,-0.6381219,0.04518364
0.049344674,-1.2286783,-0.71870005,-0.6381219,0.045183644
0.04992478,-1.2286783,-0.71870005,-0.6381219,0.045183644
0.050729305,-1.2286783,-0.7187,-0.6381219,0.04518364
0.051864993,-1.2286783,-0.7187,-0.6381219,0.04518364
0.05350958,-1.2286783,-0.7187,-0.6381219,0.04518364
0.055969343,-1.2286783,-0.7187,-0.6381219,0.04518364
0.05979006,-1.2286783,-0.7187,-0.6381219,0.04518364
0.06596926,-1.2286783,-0.7187,-0.6381219,0.04518364
0.076327585,-1.2286783,-0.7187,-0.6381219,0.04518364
0.09392817,-1.2286783,-0.7187,-0.6381219,0.04518364
0.12225376,-1.2286783,-0.7187,-0.6381219,0.04518364
0.15801196,-1.2286783,-0.7187,-0.6381219,0.04518364
0.17718582,-1.2286783,-0.7187,-0.6381219,0.04518364
0.07787576,-1.7837713,-1.0448834,-0.85108405,0.048296686
0.07612467,-1.7837713,-1.0448834,-0.85108405,0.048296686
0.07188938,-1.7837713,-1.0448834,-0.85108405,0.048296686
0.06705004,-1.7837713,-1.0448834,-0.85108405,0.048296686
0.06281106,-1.7837713,-1.0448834,-0.85108405,0.048296686
0.059518185,-1.7837713,-1.0448834,-0.85108405,0.048296686
0.05708803,-1.7837713,-1.0448834,-0.85108405,0.048296686
0.05532451,-1.7837713,-1.0448834,-0.85108405,0.048296686
0.054044813,-1.7837713,-1.0448834,-0.85108405,0.048296686
0.05310931,-1.7837713,-1.0448834,-0.85108405,0.048296686
0.05241884,-1.7837713,-1.0448834,-0.85108405,0.048296686
0.05190486,-1.7837713,-1.0448834,-0.85108405,0.048296686
0.051520377,-1.7837713,-1.0448834,-0.85108405,0.048296686
0.05123315,-1.7837713,-1.0448834,-0.85108405,0.048296686
0.05102104,-1.7837713,-1.0448834,-0.85108405,0.048296686
0.050868914,-1.7837713,-1.0448834,-0.85108405,0.048296686
0.050766602,-1.7837713,-1.0448834,-0.85108405,0.048296686
0.050707616,-1.7837713,-1.0448834,-0.85108405,0.048296686
0.050688338,-1.7837713,-1.0448834,-0.85108405,0.048296686
0.050707616,-1.7837713,-1.0448833,-0.851084,0.048296686
0.050766602,-1.7837713,-1.0448833,-0.851084,0.048296686
0.050868914,-1.7837713,-1.0448834,-0.85108405,0.048296686
0.05102104,-1.7837713,-1.0448834,-0.85108405,0.048296686
0.05123315,-1.7837713,-1.0448834,-0.85108405,0.048296686
0.051520377,-1.7837713,-1.0448834,-0.85108405,0.048296686
0.05190486,-1.7837713,-1.0448834,-0.85108405,0.048296686
0.05241884,-1.7837713,-1.0448834,-0.85108405,0.048296686
0.05310931,-1.7837713,-1.0448834,-0.85108405,0.048296686
0.05404481,-1.7837713,-1.0448834,-0.85108405,0.048296686
0.05532451,-1.7837713,-1.0448834,-0.85108405,0.048296686
0.057088025,-1.7837713,-1.0448834,-0.85108405,0.048296686
0.059518177,-1.7837713,-1.0448834,-0.85108405,0.048296686
0.06281106,-1.7837713,-1.0448834,-0.85108405,0.048296686
0.06705003,-1.7837713,-1.0448834,-0.85108405,0.048296686
0.07188937,-1.7837713,-1.0448834,-0.85108405,0.048296686
0.07612467,-1.7837713,-1.0448834,-0.85108405,0.048296686
0.07787576,-1.7837713,-1.0448834,-0.85108405,0.048296686
0.03282295,-2.6935353,-1.5736487,-1.231989,0.024572466
0.032465182,-2.6935353,-1.5736487,-1.231989,0.024572466
0.031567995,-2.6935353,-1.5736487,-1.231989,0.024572466
0.030479688,-2.6935353,-1.5736487,-1.231989,0.024572466
0.029458279,-2.6935353,-1.5736487,-1.231989,0.024572466
0.028607732,-2.6935353,-1.5736487,-1.231989,0.024572466
0.027937023,-2.6935353,-1.5736487,-1.231989,0.024572466
0.027419321,-2.6935353,-1.5736487,-1.231989,0.024572466
0.027021782,-2.6935353,-1.5736487,-1.231989,0.024572466
0.026715918,-2.6935353,-1.5736487,-1.231989,0.024572466
0.026479658,-2.6935353,-1.5736487,-1.231989,0.024572466
0.026296644,-2.6935353,-1.5736487,-1.231989,0.024572466
0.026154974,-2.6935353,-1.5736487,-1.231989,0.024572466
0.026046054,-2.6935353,-1.5736487,-1.231989,0.024572466
0.025963722,-2.6935353,-1.5736487,-1.231989,0.02457248
0.025903562,-2.6935353,-1.5736487,-1.231989,0.02457248
0.02586253,-2.6935353,-1.5736487,-1.231989,0.024572466
0.025838668,-2.6935353,-1.5736487,-1.231989,0.024572466
0.025830835,-2.6935353,-1.5736487,-1.231989,0.024572466
0.025838668,-2.6935353,-1.5736487,-1.231989,0.024572466
0.02586253,-2.6935353,-1.5736487,-1.231989,0.024572466
0.025903547,-2.6935353,-1.5736487,-1.231989,0.024572466
0.025963707,-2.6935353,-1.5736487,-1.231989,0.024572466
0.026046054,-2.6935353,-1.5736487,-1.231989,0.024572466
0.026154974,-2.6935353,-1.5736487,-1.231989,0.024572466
0.026296644,-2.6935353,-1.5736487,-1.231989,0.024572466
0.026479658,-2.6935353,-1.5736487,-1.231989,0.024572466
0.026715918,-2.6935353,-1.5736487,-1.231989,0.024572466
0.027021782,-2.6935353,-1.5736487,-1.231989,0.024572466
0.027419321,-2.6935353,-1.5736487,-1.231989,0.024572466
0.027937021,-2.6935353,-1.5736487,-1.231989,0.024572466
0.028607734,-2.6935353,-1.5736487,-1.231989,0.024572466
0.029458277,-2.6935353,-1.5736487,-1.231989,0.024572466
0.030479688,-2.6935353,-1.5736487,-1.231989,0.024572466
0.031567995,-2.6935353,-1.5736487,-1.231989,0.024572466
0.032465182,-2.6935353,-1.5736487,-1.231989,0.024572466
0.03282295,-2.6935353,-1.5736487,-1.231989,0.024572466
0.22974417,-1.0444974,-0.6108519,-0.55129105,0.05510232
0.2052723,-1.0444974,-0.6108519,-0.55129105,0.05510232
0.15840764,-1.0444974,-0.6108519,-0.55129105,0.05510232
0.12039644,-1.0444974,-0.6108519,-0.55129105,0.05510232
0.09660124,-1.0444974,-0.6108519,-0.55129105,0.05510232
0.082640365,-1.0444974,-0.6108519,-0.55129105,0.05510232
0.07436484,-1.0444974,-0.6108519,-0.55129105,0.05510232
0.069278374,-1.0444974,-0.6108519,-0.55129105,0.05510232
0.066018134,-1.0444974,-0.6108519,-0.55129105,0.05510232
0.06384438,-1.0444974,-0.61085176,-0.55129105,0.055102296
0.06234544,-1.0444974,-0.61085176,-0.55129105,0.055102296
0.061284065,-1.0444974,-0.6108519,-0.55129105,0.05510232
0.060518555,-1.0444974,-0.6108519,-0.55129105,0.05510232
0.059961617,-1.0444974,-0.6108519,-0.55129105,0.05510232
0.05955805,-1.0444974,-0.6108519,-0.55129105,0.05510232
0.0592724,-1.0444974,-0.6108519,-0.55129105,0.05510232
0.059081987,-1.0444974,-0.6108519,-0.55129105,0.05510232
0.0589728,-1.0444974,-0.6108519,-0.55129105,0.05510232
0.058937207,-1.0444974,-0.6108519,-0.55129105,0.05510232
0.0589728,-1.0444974,-0.6108519,-0.55129105,0.05510232
0.059081987,-1.0444974,-0.6108519,-0.55129105,0.05510232
0.059272405,-1.0444974,-0.6108519,-0.55129105,0.05510232
0.05955805,-1.0444974,-0.6108519,-0.55129105,0.05510232
0.059961617,-1.0444974,-0.6108519,-0.55129105,0.05510232
0.060518555,-1.0444974,-0.6108519,-0.55129105,0.05510232
0.061284065,-1.0444974,-0.6108519,-0.55129105,0.05510232
0.062345464,-1.0444974,-0.6108519,-0.55129105,0.05510232
0.063844405,-1.0444974,-0.6108519,-0.55129105,0.05510232
0.06601813,-1.0444974,-0.6108519,-0.55129105,0.05510232
0.06927837,-1.0444974,-0.6108519,-0.55129105,0.05510232
0.07436483,-1.0444974,-0.6108519,-0.55129105,0.05510232
0.08264035,-1.0444974,-0.6108519,-0.55129105,0.05510232
0.09660122,-1.0444974,-0.6108519,-0.55129105,0.05510232
0.12039642,-1.0444974,-0.6108519,-0.55129105,0.05510232
0.15840748,-1.0444974,-0.6108519,-0.55129105,0.05510232
0.20527208,-1.0444974,-0.6108519,-0.55129105,0.05510232
0.22974417,-1.0444974,-0.6108519,-0.55129105,0.05510232
0.013113698,-2.4752045,-1.4372337,-1.133612,0.011058197
0.013101675,-2.4752045,-1.4372337,-1.133612,0.011058197
0.01306652,-2.4752045,-1.4372337,-1.133612,0.011058197
0.013010953,-2.4752045,-1.4372337,-1.133612,0.011058197
0.012939217,-2.4752045,-1.4372337,-1.133612,0.011058194
0.012856516,-2.4752045,-1.4372337,-1.133612,0.011058194
0.012768182,-2.4752045,-1.4372337,-1.133612,0.011058197
0.012678983,-2.4752045,-1.4372337,-1.133612,0.011058197
0.012592726,-2.4752045,-1.4372337,-1.133612,0.011058197
0.012512144,-2.4752045,-1.4372337,-1.133612,0.011058197
0.012439,-2.4752045,-1.4372337,-1.133612,0.011058197
0.012374299,-2.4752045,-1.4372337,-1.133612,0.011058197
0.012318496,-2.4752045,-1.4372337,-1.133612,0.011058197
0.012271698,-2.4752045,-1.4372337,-1.133612,0.011058197
0.01223381,-2.4752045,-1.4372337,-1.133612,0.011058197
0.012204643,-2.4752045,-1.4372337,-1.133612,0.011058197
0.012183991,-2.4752045,-1.4372337,-1.133612,0.011058197
0.012171677,-2.4752045,-1.4372337,-1.133612,0.011058197
0.012167587,-2.4752045,-1.4372337,-1.133612,0.011058197
0.012171677,-2.4752045,-1.4372337,-1.133612,0.011058197
0.012183991,-2.4752045,-1.4372337,-1.133612,0.011058197
0.012204643,-2.4752045,-1.4372337,-1.133612,0.011058197
0.01223381,-2.4752045,-1.4372337,-1.133612,0.011058197
0.012271698,-2.4752045,-1.4372337,-1.133612,0.011058197
0.012318496,-2.4752045,-1.4372337,-1.133612,0.011058197
0.012374299,-2.4752045,-1.4372337,-1.133612,0.011058197
0.012439,-2.4752045,-1.4372337,-1.133612,0.011058197
0.012512144,-2.4752045,-1.4372337,-1.133612,0.011058197
0.012592726,-2.4752045,-1.4372337,-1.133612,0.011058197
0.012678983,-2.4752045,-1.4372337,-1.133612,0.011058197
0.012768182,-2.4752045,-1.4372337,-1.133612,0.011058197
0.012856519,-2.4752045,-1.4372337,-1.133612,0.011058197
0.01293922,-2.4752045,-1.4372337,-1.133612,0.011058197
0.013010952,-2.4752045,-1.4372337,-1.133612,0.011058197
0.013066521,-2.4752045,-1.4372337,-1.133612,0.011058197
0.013101675,-2.4752045,-1.4372337,-1.133612,0.011058197
0.013113694,-2.4752045,-1.4372337,-1.133612,0.011058194
0.014850159,-1.6070753,-0.92981213,-0.7870561,0.012534724
0.014863369,-1.6070753,-0.9298121,-0.7870561,0.0125347385
0.014885407,-1.6070753,-0.9298121,-0.7870561,0.0125347385
0.014881956,-1.6070753,-0.9298121,-0.7870561,0.0125347385
0.014831843,-1.6070753,-0.9298121,-0.7870561,0.0125347385
0.014736444,-1.6070753,-0.9298121,-0.7870561,0.0125347385
0.01461064,-1.6070753,-0.9298121,-0.7870561,0.0125347385
0.01447155,-1.6070753,-0.9298121,-0.7870561,0.0125347385
0.01433264,-1.6070753,-0.9298121,-0.7870561,0.0125347385
0.014202493,-1.6070753,-0.9298121,-0.7870561,0.0125347385
0.014085692,-1.6070753,-0.9298121,-0.7870561,0.0125347385
0.013984144,-1.6070753,-0.9298121,-0.7870561,0.0125347385
0.01389819,-1.6070753,-0.9298121,-0.7870561,0.0125347385
0.013827382,-1.6070753,-0.9298121,-0.7870561,0.0125347385
0.013770942,-1.6070753,-0.9298121,-0.7870561,0.0125347385
0.013728042,-1.6070753,-0.9298121,-0.7870561,0.0125347385
0.013697959,-1.6070753,-0.9298121,-0.7870561,0.0125347385
0.013680136,-1.6070753,-0.9298121,-0.7870561,0.0125347385
0.013674233,-1.6070753,-0.9298121,-0.7870561,0.0125347385
0.013680136,-1.6070753,-0.9298121,-0.7870561,0.0125347385
0.013697958,-1.6070753,-0.9298121,-0.7870561,0.0125347385
0.013728042,-1.6070753,-0.9298121,-0.7870561,0.0125347385
0.013770942,-1.6070753,-0.9298121,-0.7870561,0.0125347385
0.013827382,-1.6070753,-0.9298121,-0.7870561,0.0125347385
0.01389819,-1.6070753,-0.9298121,-0.7870561,0.0125347385
0.013984144,-1.6070753,-0.9298121,-0.7870561,0.0125347385
0.014085692,-1.6070753,-0.9298121,-0.7870561,0.0125347385
0.014202493,-1.6070753,-0.9298121,-0.7870561,0.0125347385
0.01433264,-1.6070753,-0.9298121,-0.7870561,0.0125347385
0.0144715505,-1.6070753,-0.9298121,-0.7870561,0.0125347385
0.01461064,-1.6070753,-0.9298121,-0.7870561,0.0125347385
0.014736429,-1.6070753,-0.92981213,-0.7870561,0.012534724
0.014831827,-1.6070753,-0.92981213,-0.7870561,0.012534724
0.014881956,-1.6070753,-0.9298121,-0.7870561,0.0125347385
0.014885407,-1.6070753,-0.9298121,-0.7870561,0.0125347385
0.01486337,-1.6070753,-0.9298121,-0.7870561,0.0125347385
0.014850174,-1.6070753,-0.9298121,-0.7870561,0.0125347385
0.11209223,-1.7705845,-1.0399905,-0.8526431,0.055230577
0.10660522,-1.7705845,-1.0399905,-0.8526431,0.055230577
0.09488341,-1.7705845,-1.0399905,-0.8526431,0.055230577
0.08367842,-1.7705845,-1.0399905,-0.8526431,0.055230577
0.07538631,-1.7705845,-1.0399905,-0.8526431,0.055230577
0.06975867,-1.7705845,-1.0399905,-0.8526431,0.055230577
0.06600913,-1.7705845,-1.0399905,-0.8526431,0.055230577
0.06348939,-1.7705845,-1.0399905,-0.8526431,0.055230577
0.061764672,-1.7705845,-1.0399905,-0.8526431,0.055230577
0.06055945,-1.7705845,-1.0399905,-0.8526431,0.055230577
0.059700802,-1.7705845,-1.0399905,-0.8526431,0.055230577
0.05907927,-1.7705845,-1.0399905,-0.8526431,0.055230577
0.058624554,-1.7705845,-1.0399905,-0.8526431,0.055230577
0.05829079,-1.7705845,-1.0399905,-0.8526431,0.055230577
0.05804769,-1.7705845,-1.0399905,-0.8526431,0.055230577
0.057875153,-1.7705845,-1.0399905,-0.8526431,0.055230577
0.057759993,-1.7705845,-1.0399905,-0.8526431,0.055230577
0.05769392,-1.7705845,-1.0399905,-0.8526431,0.055230577
0.05767238,-1.7705845,-1.0399905,-0.8526431,0.055230577
0.05769392,-1.7705845,-1.0399905,-0.8526431,0.055230577
0.057759993,-1.7705845,-1.0399905,-0.8526431,0.055230577
0.057875153,-1.7705845,-1.0399905,-0.8526431,0.055230577
0.05804769,-1.7705845,-1.0399905,-0.8526431,0.055230577
0.05829079,-1.7705845,-1.0399905,-0.8526431,0.055230577
0.058624554,-1.7705845,-1.0399905,-0.8526431,0.055230577
0.05907927,-1.7705845,-1.0399905,-0.8526431,0.055230577
0.059700802,-1.7705845,-1.0399905,-0.8526431,0.055230577
0.06055945,-1.7705845,-1.0399905,-0.8526431,0.055230577
0.061764672,-1.7705845,-1.0399905,-0.8526431,0.055230577
0.06348939,-1.7705845,-1.0399905,-0.8526431,0.055230577
0.06600913,-1.7705845,-1.0399905,-0.8526431,0.055230577
0.06975866,-1.7705845,-1.0399905,-0.8526431,0.055230577
0.07538631,-1.7705845,-1.0399905,-0.8526431,0.055230577
0.0836784,-1.7705845,-1.0399905,-0.8526431,0.055230577
0.09488337,-1.7705845,-1.0399905,-0.8526431,0.055230577
0.10660516,-1.7705845,-1.0399905,-0.8526431,0.055230577
0.11209223,-1.7705845,-1.0399905,-0.8526431,0.055230577
-0.0028859992,-2.2403078,-1.2885634,-1.0639744,-0.0025054135
-0.0028577847,-2.2403078,-1.2885634,-1.0639744,-0.0025054135
-0.0027802426,-2.2403078,-1.2885634,-1.0639744,-0.0025054135
-0.0026712178,-2.2403078,-1.2885634,-1.0639744,-0.0025054135
-0.0025515729,-2.2403078,-1.2885634,-1.0639744,-0.0025054135
-0.0024383222,-2.2403078,-1.2885634,-1.0639744,-0.0025054135
-0.0023416118,-2.2403078,-1.2885634,-1.0639744,-0.0025054135
-0.002265181,-2.2403078,-1.2885634,-1.0639744,-0.0025054135
-0.0022084196,-2.2403078,-1.2885634,-1.0639744,-0.0025054135
-0.0021684892,-2.2403078,-1.2885634,-1.0639744,-0.0025054135
-0.0021418347,-2.2403078,-1.2885634,-1.0639744,-0.0025054135
-0.0021250378,-2.2403078,-1.2885634,-1.0639744,-0.0025054135
-0.0021151886,-2.2403078,-1.2885634,-1.0639744,-0.0025054135
-0.0021099811,-2.2403078,-1.2885634,-1.0639744,-0.0025054135
-0.0021076738,-2.2403078,-1.2885634,-1.0639744,-0.0025054135
-0.0021070011,-2.2403078,-1.2885634,-1.0639744,-0.0025054135
-0.0021070829,-2.2403078,-1.2885634,-1.0639744,-0.0025054135
-0.0021073455,-2.2403078,-1.2885634,-1.0639744,-0.0025054135
-0.0021074677,-2.2403078,-1.2885634,-1.0639744,-0.0025054135
-0.0021073455,-2.2403078,-1.2885634,-1.0639744,-0.0025054135
-0.0021070829,-2.2403078,-1.2885634,-1.0639744,-0.0025054135
-0.0021070347,-2.2403078,-1.2885633,-1.0639744,-0.002505447
-0.0021077073,-2.2403078,-1.2885633,-1.0639744,-0.002505447
-0.0021099811,-2.2403078,-1.2885634,-1.0639744,-0.0025054135
-0.0021151886,-2.2403078,-1.2885634,-1.0639744,-0.0025054135
-0.0021250378,-2.2403078,-1.2885634,-1.0639744,-0.0025054135
-0.0021418347,-2.2403078,-1.2885634,-1.0639744,-0.0025054135
-0.0021684892,-2.2403078,-1.2885634,-1.0639744,-0.0025054135
-0.0022084194,-2.2403078,-1.2885634,-1.0639744,-0.0025054135
-0.0022651807,-2.2403078,-1.2885634,-1.0639744,-0.0025054135
-0.0023416118,-2.2403078,-1.2885634,-1.0639744,-0.0025054135
-0.0024383222,-2.2403078,-1.2885634,-1.0639744,-0.0025054135
-0.0025515726,-2.2403078,-1.2885634,-1.0639744,-0.0025054135
-0.0026712175,-2.2403078,-1.2885634,-1.0639744,-0.0025054135
-0.0027802426,-2.2403078,-1.2885634,-1.0639744,-0.0025054135
-0.0028577845,-2.2403078,-1.2885634,-1.0639744,-0.0025054135
-0.0028859992,-2.2403078,-1.2885634,-1.0639744,-0.0025054135
-0.0014337297,-2.6656609,-1.5413464,-1.2282926,-0.0014023252
-0.0014159176,-2.6656609,-1.5413464,-1.2282926,-0.0014023252
-0.0013666687,-2.6656609,-1.5413464,-1.2282926,-0.0014023252
-0.0012966553,-2.6656609,-1.5413464,-1.2282926,-0.0014023252
-0.0012187267,-2.6656609,-1.5413464,-1.2282926,-0.0014023252
-0.0011438504,-2.6656609,-1.5413464,-1.2282926,-0.0014023252
-0.0010790532,-2.6656609,-1.5413464,-1.2282926,-0.0014023252
-0.0010273766,-2.6656609,-1.5413464,-1.2282926,-0.0014023252
-0.0009889248,-2.6656609,-1.5413464,-1.2282926,-0.0014023252
-0.0009621197,-2.6656609,-1.5413464,-1.2282926,-0.0014023252
-0.00094469485,-2.6656609,-1.5413464,-1.2282926,-0.0014023252
-0.0009343186,-2.6656609,-1.5413464,-1.2282926,-0.0014023252
-0.00092891214,-2.6656609,-1.5413464,-1.2282926,-0.0014023252
-0.0009267669,-2.6656609,-1.5413464,-1.2282926,-0.0014023252
-0.00092655444,-2.6656609,-1.5413464,-1.2282926,-0.0014023252
-0.00092728704,-2.6656609,-1.5413464,-1.2282926,-0.0014023252
-0.0009282236,-2.6656609,-1.5413464,-1.2282927,-0.0014022843
-0.00092898414,-2.6656609,-1.5413464,-1.2282927,-0.0014022843
-0.00092930696,-2.6656609,-1.5413464,-1.2282926,-0.0014023252
-0.0009290251,-2.6656609,-1.5413464,-1.2282926,-0.0014023252
-0.0009282648,-2.6656609,-1.5413464,-1.2282926,-0.0014023252
-0.000927287,-2.6656609,-1.5413464,-1.2282926,-0.0014023252
-0.00092655444,-2.6656609,-1.5413464,-1.2282926,-0.0014023252
-0.0009267669,-2.6656609,-1.5413464,-1.2282926,-0.0014023252
-0.00092891214,-2.6656609,-1.5413464,-1.2282926,-0.0014023252
-0.0009343185,-2.6656609,-1.5413464,-1.2282926,-0.0014023252
-0.00094469474,-2.6656609,-1.5413464,-1.2282926,-0.0014023252
-0.00096211967,-2.6656609,-1.5413464,-1.2282926,-0.0014023252
-0.0009889248,-2.6656609,-1.5413464,-1.2282926,-0.0014023252
-0.0010273765,-2.6656609,-1.5413464,-1.2282926,-0.0014023252
-0.001079053,-2.6656609,-1.5413464,-1.2282926,-0.0014023252
-0.0011438503,-2.6656609,-1.5413464,-1.2282926,-0.0014023252
-0.0012187266,-2.6656609,-1.5413464,-1.2282926,-0.0014023252
-0.0012966552,-2.6656609,-1.5413464,-1.2282926,-0.0014023252
-0.0013666686,-2.6656609,-1.5413464,-1.2282926,-0.0014023252
-0.0014159176,-2.6656609,-1.5413464,-1.2282926,-0.0014023252
-0.0014337297,-2.6656609,-1.5413464,-1.2282926,-0.0014023252
0.022752924,-1.3237398,-0.76223445,-0.6622117,0.018687991
0.022751195,-1.3237398,-0.76223445,-0.6622117,0.018687991
0.022730514,-1.3237398,-0.76223445,-0.6622117,0.018687991
0.022660896,-1.3237398,-0.76223445,-0.6622117,0.018687991
0.022525867,-1.3237398,-0.76223445,-0.6622117,0.018687991
0.022332277,-1.3237398,-0.76223445,-0.6622117,0.018687991
0.022101426,-1.3237398,-0.76223445,-0.6622117,0.018687991
0.021856789,-1.3237398,-0.76223445,-0.6622117,0.018687991
0.021616954,-1.3237398,-0.76223445,-0.6622117,0.018687991
0.02139394,-1.3237398,-0.76223445,-0.6622117,0.018687991
0.021194227,-1.3237398,-0.76223445,-0.6622117,0.018687991
0.021020515,-1.3237399,-0.7622345,-0.6622117,0.018688004
0.020873202,-1.3237399,-0.7622345,-0.6622117,0.018688004
0.020751543,-1.3237398,-0.76223445,-0.6622117,0.018687991
0.020654345,-1.3237398,-0.76223445,-0.6622117,0.018687991
0.020580303,-1.3237398,-0.76223445,-0.6622117,0.018687991
0.020528287,-1.3237398,-0.76223445,-0.6622117,0.018687991
0.020497432,-1.3237398,-0.76223445,-0.6622117,0.018687991
0.020487206,-1.3237398,-0.76223445,-0.6622117,0.018687991
0.020497432,-1.3237398,-0.76223445,-0.6622117,0.018687991
0.020528287,-1.3237398,-0.76223445,-0.6622117,0.018687991
0.020580303,-1.3237398,-0.76223445,-0.6622117,0.018687991
0.020654343,-1.3237398,-0.76223445,-0.6622117,0.018687991
0.020751543,-1.3237398,-0.76223445,-0.6622117,0.018687991
0.020873189,-1.3237398,-0.76223445,-0.6622117,0.018687991
0.021020502,-1.3237398,-0.76223445,-0.6622117,0.018687991
0.021194227,-1.3237398,-0.76223445,-0.6622117,0.018687991
0.021393942,-1.3237398,-0.76223445,-0.6622117,0.018687991
0.021616954,-1.3237398,-0.76223445,-0.6622117,0.018687991
0.021856787,-1.3237398,-0.76223445,-0.6622117,0.018687991
0.022101425,-1.3237398,-0.76223445,-0.6622117,0.018687991
0.022332275,-1.3237398,-0.76223445,-0.6622117,0.018687991
0.02252587,-1.3237398,-0.76223445,-0.6622117,0.018687991
0.022660892,-1.3237398,-0.76223445,-0.6622117,0.018687991
0.022730514,-1.3237398,-0.76223445,-0.6622117,0.018687991
0.022751197,-1.3237398,-0.76223445,-0.6622117,0.018687991
0.022752924,-1.3237398,-0.76223445,-0.6622117,0.018687991
0.33404523,-1.4333961,-0.84486204,-0.7123262,0.07173409
0.29152748,-1.4333961,-0.84486204,-0.7123262,0.07173409
0.21718895,-1.4333961,-0.84486204,-0.7123262,0.07173409
0.16189623,-1.4333961,-0.84486204,-0.7123262,0.07173409
0.12856169,-1.4333961,-0.84486204,-0.7123262,0.07173409
0.10909614,-1.4333961,-0.84486204,-0.7123262,0.07173409
0.0974902,-1.4333962,-0.84486204,-0.7123262,0.07173408
0.09032611,-1.4333962,-0.84486204,-0.7123262,0.07173408
0.085740276,-1.4333961,-0.84486204,-0.7123262,0.07173409
0.08270415,-1.4333961,-0.84486204,-0.7123262,0.07173409
0.08063425,-1.4333961,-0.84486204,-0.7123262,0.07173409
0.079189025,-1.4333961,-0.84486204,-0.7123262,0.07173409
0.0781624,-1.4333961,-0.84486204,-0.7123262,0.07173409
0.07742665,-1.4333961,-0.84486204,-0.7123262,0.07173409
0.07690085,-1.4333961,-0.84486204,-0.7123262,0.07173409
0.07653311,-1.4333961,-0.84486204,-0.7123262,0.07173409
0.076290265,-1.4333961,-0.84486204,-0.7123262,0.07173409
0.076151915,-1.4333961,-0.84486204,-0.7123262,0.07173409
0.076106966,-1.4333961,-0.84486204,-0.7123262,0.07173409
0.076151915,-1.4333961,-0.84486204,-0.7123262,0.07173409
0.076290265,-1.4333961,-0.84486204,-0.7123262,0.07173409
0.07653311,-1.4333961,-0.84486204,-0.7123262,0.07173409
0.07690085,-1.4333961,-0.84486204,-0.7123262,0.07173409
0.07742665,-1.4333961,-0.84486204,-0.7123262,0.07173409
0.0781624,-1.4333961,-0.84486204,-0.7123262,0.07173409
0.079189025,-1.4333961,-0.84486204,-0.7123262,0.07173409
0.08063425,-1.4333961,-0.84486204,-0.7123262,0.07173409
0.08270415,-1.4333961,-0.84486204,-0.7123262,0.07173409
0.085740276,-1.4333961,-0.84486204,-0.7123262,0.07173409
0.090326115,-1.4333961,-0.84486204,-0.7123262,0.07173409
0.09749021,-1.4333961,-0.84486204,-0.7123262,0.07173409
0.10909612,-1.4333961,-0.84486204,-0.7123262,0.07173409
0.12856165,-1.4333961,-0.84486204,-0.7123262,0.07173409
0.1618962,-1.4333961,-0.84486204,-0.7123262,0.07173409
0.21718878,-1.4333961,-0.84486204,-0.7123262,0.07173409
0.29152706,-1.4333961,-0.84486204,-0.7123262,0.07173409
0.33404523,-1.4333961,-0.84486204,-0.7123262,0.07173409
-0.00013908674,-1.2304546,-0.69834423,-0.651923,0.00071982737
0.00025727018,-1.2304544,-0.69834423,-0.651923,0.00071981805
0.0011529948,-1.2304544,-0.69834423,-0.651923,0.00071981805
0.0020243202,-1.2304546,-0.69834423,-0.651923,0.00071982737
0.0025880425,-1.2304546,-0.69834423,-0.651923,0.00071982737
0.0028358055,-1.2304546,-0.69834423,-0.651923,0.00071982737
0.002867171,-1.2304546,-0.69834423,-0.651923,0.00071982737
0.0027802207,-1.2304546,-0.69834423,-0.651923,0.00071982737
0.002641264,-1.2304546,-0.69834423,-0.651923,0.00071982737
0.0024882676,-1.2304546,-0.69834423,-0.651923,0.00071982737
0.0023407917,-1.2304546,-0.69834423,-0.651923,0.00071982737
0.0022079328,-1.2304546,-0.69834423,-0.651923,0.00071982737
0.002093291,-1.2304546,-0.69834423,-0.651923,0.00071982737
0.0019977714,-1.2304546,-0.69834423,-0.651923,0.00071982737
0.0019210847,-1.2304546,-0.69834423,-0.651923,0.00071982737
0.0018625159,-1.2304546,-0.69834423,-0.651923,0.00071982737
0.0018213075,-1.2304546,-0.69834423,-0.651923,0.00071982737
0.0017968437,-1.2304546,-0.69834423,-0.651923,0.00071982737
0.0017887339,-1.2304546,-0.69834423,-0.651923,0.00071982737
0.0017968437,-1.2304546,-0.69834423,-0.651923,0.00071982737
0.0018213073,-1.2304546,-0.69834423,-0.651923,0.00071982737
0.0018625157,-1.2304546,-0.69834423,-0.651923,0.00071982737
0.0019210844,-1.2304546,-0.69834423,-0.651923,0.00071982737
0.0019977714,-1.2304546,-0.69834423,-0.651923,0.00071982737
0.002093291,-1.2304546,-0.69834423,-0.651923,0.00071982737
0.002207933,-1.2304546,-0.69834423,-0.651923,0.00071982737
0.0023407917,-1.2304546,-0.69834423,-0.651923,0.00071982737
0.0024882678,-1.2304546,-0.69834423,-0.651923,0.00071982737
0.0026412634,-1.2304546,-0.69834423,-0.651923,0.00071982737
0.0027802212,-1.2304546,-0.69834423,-0.651923,0.00071982737
0.0028671708,-1.2304546,-0.69834423,-0.651923,0.00071982737
0.0028358062,-1.2304546,-0.69834423,-0.651923,0.00071982737
0.0025880437,-1.2304546,-0.69834423,-0.651923,0.00071982737
0.0020243127,-1.2304544,-0.69834423,-0.651923,0.00071981805
0.0011529971,-1.2304544,-0.69834423,-0.651923,0.00071981805
0.00025728135,-1.2304546,-0.69834423,-0.651923,0.00071982737
-0.00013908674,-1.2304546,-0.69834423,-0.651923,0.00071982737
0.022471031,-1.5284923,-0.887013,-0.76410574,0.01723481
0.022329595,-1.5284923,-0.887013,-0.76410574,0.01723481
0.021952748,-1.5284923,-0.887013,-0.76410574,0.01723481
0.021446668,-1.5284923,-0.887013,-0.76410574,0.01723481
0.020912914,-1.5284923,-0.887013,-0.76410574,0.01723481
0.02041601,-1.5284923,-0.887013,-0.76410574,0.01723481
0.019984504,-1.5284923,-0.887013,-0.76410574,0.01723481
0.01962409,-1.5284923,-0.887013,-0.76410574,0.01723481
0.019329393,-1.5284923,-0.887013,-0.76410574,0.01723481
0.01909118,-1.5284923,-0.887013,-0.76410574,0.01723481
0.018899918,-1.5284923,-0.887013,-0.76410574,0.01723481
0.018747196,-1.5284923,-0.887013,-0.76410574,0.01723481
0.018626126,-1.5284923,-0.887013,-0.76410574,0.01723481
0.018531289,-1.5284923,-0.887013,-0.76410574,0.01723481
0.018458545,-1.5284923,-0.887013,-0.76410574,0.01723481
0.018404815,-1.5284923,-0.887013,-0.76410574,0.01723481
0.018367894,-1.5284923,-0.887013,-0.76410574,0.01723481
0.018346304,-1.5284923,-0.887013,-0.76410574,0.01723481
0.0183392,-1.5284923,-0.887013,-0.76410574,0.01723481
0.018346304,-1.5284923,-0.887013,-0.76410574,0.01723481
0.018367894,-1.5284923,-0.887013,-0.76410574,0.01723481
0.018404815,-1.5284923,-0.887013,-0.76410574,0.01723481
0.018458545,-1.5284923,-0.887013,-0.76410574,0.01723481
0.018531289,-1.5284923,-0.887013,-0.76410574,0.01723481
0.018626126,-1.5284923,-0.887013,-0.76410574,0.01723481
0.018747196,-1.5284923,-0.887013,-0.76410574,0.01723481
0.018899918,-1.5284923,-0.887013,-0.76410574,0.01723481
0.01909118,-1.5284923,-0.887013,-0.76410574,0.01723481
0.019329388,-1.5284923,-0.8870131,-0.7641058,0.017234804
0.019624084,-1.5284923,-0.8870131,-0.7641058,0.017234804
0.019984504,-1.5284923,-0.887013,-0.76410574,0.01723481
0.020416008,-1.5284923,-0.887013,-0.76410574,0.01723481
0.020912914,-1.5284923,-0.887013,-0.76410574,0.01723481
0.021446666,-1.5284923,-0.887013,-0.76410574,0.01723481
0.021952743,-1.5284923,-0.887013,-0.76410574,0.01723481
0.022329593,-1.5284923,-0.887013,-0.76410574,0.01723481
0.022471031,-1.5284923,-0.887013,-0.76410574,0.01723481
0.06812833,-1.3463427,-0.78601515,-0.6856385,0.038026202
0.06557113,-1.3463427,-0.78601515,-0.6856385,0.038026202
0.059903786,-1.3463427,-0.78601515,-0.6856385,0.038026202
0.054226063,-1.3463427,-0.78601515,-0.6856385,0.038026202
0.049863063,-1.3463427,-0.78601515,-0.6856385,0.038026202
0.046821475,-1.3463427,-0.78601515,-0.6856385,0.038026202
0.044751417,-1.3463427,-0.78601515,-0.6856385,0.038026202
0.043332275,-1.3463427,-0.78601515,-0.6856385,0.038026202
0.042340796,-1.3463427,-0.78601515,-0.6856385,0.038026202
0.041633137,-1.3463427,-0.78601515,-0.6856385,0.038026202
0.04111811,-1.3463427,-0.78601515,-0.6856385,0.038026202
0.040737532,-1.3463427,-0.78601515,-0.6856385,0.038026202
0.04045367,-1.3463427,-0.78601515,-0.6856385,0.038026202
0.040241655,-1.3463427,-0.78601515,-0.6856385,0.038026202
0.040084895,-1.3463427,-0.78601515,-0.6856385,0.038026202
0.039972257,-1.3463427,-0.78601515,-0.6856385,0.038026202
0.03989636,-1.3463427,-0.78601515,-0.6856385,0.038026202
0.03985254,-1.3463427,-0.78601515,-0.6856385,0.038026202
0.03983821,-1.3463427,-0.78601515,-0.6856385,0.038026202
0.03985254,-1.3463427,-0.78601515,-0.6856385,0.038026202
0.03989636,-1.3463427,-0.78601515,-0.6856385,0.038026202
0.039972257,-1.3463427,-0.78601515,-0.6856385,0.038026202
0.040084895,-1.3463427,-0.78601515,-0.6856385,0.038026202
0.04024166,-1.3463427,-0.78601515,-0.6856385,0.038026206
0.040453672,-1.3463427,-0.78601515,-0.6856385,0.038026206
0.040737532,-1.3463427,-0.78601515,-0.6856385,0.038026202
0.04111811,-1.3463427,-0.78601515,-0.6856385,0.038026202
0.041633137,-1.3463427,-0.78601515,-0.6856385,0.038026202
0.042340796,-1.3463427,-0.78601515,-0.6856385,0.038026202
0.043332275,-1.3463427,-0.78601515,-0.6856385,0.038026202
0.044751417,-1.3463427,-0.78601515,-0.6856385,0.038026202
0.046821475,-1.3463427,-0.78601515,-0.6856385,0.038026202
0.049863055,-1.3463427,-0.78601515,-0.6856385,0.038026202
0.054226056,-1.3463427,-0.78601515,-0.6856385,0.038026202
0.059903774,-1.3463427,-0.78601515,-0.6856385,0.038026202
0.06557112,-1.3463427,-0.78601515,-0.6856385,0.038026202
0.06812833,-1.3463427,-0.78601515,-0.6856385,0.038026202
0.045175813,-2.15349,-1.2597333,-1.0051742,0.03727084
0.044881053,-2.15349,-1.2597333,-1.0051742,0.03727084
0.044121586,-2.15349,-1.2597333,-1.0051742,0.03727084
0.04315995,-2.15349,-1.2597333,-1.0051742,0.03727084
0.04221554,-2.15349,-1.2597333,-1.0051742,0.03727084
0.041397538,-2.15349,-1.2597333,-1.0051742,0.03727084
0.040732488,-2.15349,-1.2597333,-1.0051742,0.03727084
0.04020769,-2.15349,-1.2597333,-1.0051742,0.03727084
0.03979851,-2.15349,-1.2597333,-1.0051742,0.03727084
0.039480485,-2.15349,-1.2597333,-1.0051742,0.03727084
0.039233226,-2.15349,-1.2597333,-1.0051742,0.03727084
0.03904093,-2.15349,-1.2597333,-1.0051742,0.03727084
0.03889172,-2.15349,-1.2597333,-1.0051742,0.03727084
0.038776856,-2.15349,-1.2597333,-1.0051742,0.03727084
0.03868996,-2.15349,-1.2597333,-1.0051742,0.03727084
0.03862646,-2.15349,-1.2597333,-1.0051742,0.03727084
0.038583163,-2.15349,-1.2597333,-1.0051742,0.03727084
0.038557976,-2.15349,-1.2597333,-1.0051742,0.03727084
0.0385497,-2.1534896,-1.2597332,-1.0051742,0.037270833
0.03855797,-2.1534896,-1.2597332,-1.0051742,0.037270833
0.038583163,-2.15349,-1.2597333,-1.0051742,0.03727084
0.03862646,-2.15349,-1.2597333,-1.0051742,0.03727084
0.03868996,-2.15349,-1.2597333,-1.0051742,0.03727084
0.038776856,-2.15349,-1.2597333,-1.0051742,0.03727084
0.03889172,-2.15349,-1.2597333,-1.0051742,0.03727084
0.039040927,-2.15349,-1.2597333,-1.0051742,0.03727084
0.039233226,-2.15349,-1.2597333,-1.0051742,0.03727084
0.039480485,-2.15349,-1.2597333,-1.0051742,0.03727084
0.039798506,-2.15349,-1.2597333,-1.0051742,0.03727084
0.040207688,-2.15349,-1.2597333,-1.0051742,0.03727084
0.040732488,-2.15349,-1.2597333,-1.0051742,0.03727084
0.041397538,-2.15349,-1.2597333,-1.0051742,0.03727084
0.04221554,-2.15349,-1.2597333,-1.0051742,0.03727084
0.04315995,-2.15349,-1.2597333,-1.0051742,0.03727084
0.044121582,-2.15349,-1.2597333,-1.0051742,0.03727084
0.044881053,-2.15349,-1.2597333,-1.0051742,0.03727084
0.045175813,-2.15349,-1.2597333,-1.0051742,0.03727084
0.07545324,-1.3142265,-0.76602715,-0.6449494,0.05132709
0.07453058,-1.3142265,-0.76602715,-0.6449494,0.05132709
0.07213181,-1.3142265,-0.76602715,-0.6449494,0.05132709
0.06905721,-1.3142265,-0.76602715,-0.6449494,0.05132709
0.066011146,-1.3142265,-0.76602715,-0.6449494,0.05132709
0.06336792,-1.3142265,-0.76602715,-0.6449494,0.05132709
0.061229736,-1.3142265,-0.76602715,-0.6449494,0.05132709
0.05955931,-1.3142265,-0.76602715,-0.6449494,0.05132709
0.05827345,-1.3142265,-0.76602715,-0.6449494,0.05132709
0.05728764,-1.3142265,-0.76602715,-0.6449494,0.05132709
0.05653135,-1.3142265,-0.76602715,-0.6449494,0.05132709
0.05595027,-1.3142265,-0.76602715,-0.6449494,0.05132709
0.055504166,-1.3142265,-0.76602715,-0.6449494,0.05132709
0.05516378,-1.3142265,-0.76602715,-0.6449494,0.051327083
0.054908127,-1.3142265,-0.76602715,-0.6449494,0.051327083
0.05472235,-1.3142265,-0.76602715,-0.6449494,0.05132709
0.054596193,-1.3142265,-0.76602715,-0.6449494,0.05132709
0.05452299,-1.3142265,-0.76602715,-0.6449494,0.05132709
0.054498997,-1.3142265,-0.76602715,-0.6449494,0.05132709
0.05452299,-1.3142265,-0.76602715,-0.6449494,0.05132709
0.054596193,-1.3142265,-0.76602715,-0.6449494,0.05132709
0.05472235,-1.3142265,-0.76602715,-0.6449494,0.05132709
0.054908134,-1.3142265,-0.76602715,-0.6449494,0.05132709
0.055163786,-1.3142265,-0.76602715,-0.6449494,0.05132709
0.055504166,-1.3142265,-0.76602715,-0.6449494,0.05132709
0.05595027,-1.3142265,-0.76602715,-0.6449494,0.05132709
0.056531347,-1.3142265,-0.76602715,-0.6449494,0.05132709
0.05728764,-1.3142265,-0.76602715,-0.6449494,0.05132709
0.05827345,-1.3142265,-0.76602715,-0.6449494,0.05132709
0.059559308,-1.3142265,-0.76602715,-0.6449494,0.05132709
0.061229732,-1.3142265,-0.76602715,-0.6449494,0.05132709
0.06336792,-1.3142265,-0.76602715,-0.6449494,0.05132709
0.066011146,-1.3142265,-0.76602715,-0.6449494,0.05132709
0.06905721,-1.3142265,-0.76602715,-0.6449494,0.05132709
0.072131805,-1.3142265,-0.76602715,-0.6449494,0.05132709
0.07453057,-1.3142265,-0.76602715,-0.6449494,0.05132709
0.07545324,-1.3142265,-0.76602715,-0.6449494,0.05132709
0.09477721,-1.1890792,-0.6945082,-0.6250685,0.042035025
0.0875683,-1.1890792,-0.6945082,-0.6250685,0.042035025
0.07393329,-1.1890792,-0.6945082,-0.6250685,0.042035025
0.06293936,-1.1890792,-0.6945082,-0.6250685,0.042035025
0.055970296,-1.1890792,-0.6945082,-0.6250685,0.042035025
0.051761348,-1.1890792,-0.6945082,-0.6250685,0.042035025
0.049169276,-1.1890792,-0.6945082,-0.6250685,0.042035025
0.047509287,-1.1890792,-0.6945082,-0.6250685,0.042035025
0.046402063,-1.1890793,-0.6945082,-0.6250685,0.042035002
0.045636535,-1.1890793,-0.6945082,-0.6250685,0.042035002
0.045091543,-1.1890792,-0.6945082,-0.6250685,0.042035025
0.044694945,-1.1890792,-0.6945082,-0.6250685,0.042035025
0.04440231,-1.1890792,-0.6945082,-0.6250685,0.042035025
0.044185393,-1.1890792,-0.6945082,-0.6250685,0.042035025
0.044025853,-1.1890792,-0.6945082,-0.6250685,0.042035025
0.043911632,-1.1890792,-0.6945082,-0.6250685,0.042035025
0.043834854,-1.1890792,-0.6945082,-0.6250685,0.042035025
0.04379059,-1.1890792,-0.6945082,-0.6250685,0.042035025
0.043776125,-1.1890792,-0.6945082,-0.6250685,0.042035025
0.04379059,-1.1890792,-0.6945082,-0.6250685,0.042035025
0.043834854,-1.1890792,-0.6945082,-0.6250685,0.042035025
0.043911632,-1.1890792,-0.6945082,-0.6250685,0.042035025
0.044025853,-1.1890792,-0.6945082,-0.6250685,0.042035025
0.044185393,-1.1890792,-0.6945082,-0.6250685,0.042035025
0.04440231,-1.1890792,-0.6945082,-0.6250685,0.042035025
0.044694945,-1.1890792,-0.6945082,-0.6250685,0.042035025
0.045091543,-1.1890792,-0.6945082,-0.6250685,0.042035025
0.045636553,-1.1890792,-0.6945082,-0.6250685,0.042035025
0.046402086,-1.1890792,-0.6945082,-0.6250685,0.042035025
0.047509287,-1.1890792,-0.6945082,-0.6250685,0.042035025
0.049169272,-1.1890792,-0.6945082,-0.6250685,0.042035025
0.051761344,-1.1890792,-0.6945082,-0.6250685,0.042035025
0.05597028,-1.1890792,-0.6945082,-0.6250685,0.042035025
0.06293936,-1.1890792,-0.6945082,-0.6250685,0.042035025
0.073933244,-1.1890792,-0.6945082,-0.6250685,0.042035025
0.08756825,-1.1890792,-0.6945082,-0.6250685,0.042035025
0.09477721,-1.1890792,-0.6945082,-0.6250685,0.042035025
-0.002623402,-3.0009165,-1.7413739,-1.3665785,-0.0025940493
-0.0026066955,-3.0009165,-1.7413739,-1.3665785,-0.0025940493
-0.002561059,-3.0009165,-1.7413739,-1.3665785,-0.0025940493
-0.0024976875,-3.0009165,-1.741374,-1.3665783,-0.0025940828
-0.0024293163,-3.0009165,-1.741374,-1.3665783,-0.0025940828
-0.0023660697,-3.0009165,-1.7413739,-1.3665785,-0.0025940493
-0.0023137345,-3.0009165,-1.7413739,-1.3665785,-0.0025940493
-0.0022740564,-3.0009165,-1.7413739,-1.3665785,-0.0025940493
-0.0022462509,-3.0009165,-1.7413739,-1.3665785,-0.0025940493
-0.0022282992,-3.0009165,-1.7413739,-1.3665785,-0.0025940493
-0.0022178579,-3.0009165,-1.7413739,-1.3665785,-0.0025940493
-0.00221275,-3.0009165,-1.7413739,-1.3665785,-0.0025940493
-0.0022111624,-3.0009165,-1.7413739,-1.3665785,-0.0025940493
-0.0022116834,-3.0009165,-1.7413739,-1.3665785,-0.0025940493
-0.002213262,-3.0009165,-1.7413739,-1.3665785,-0.0025940493
-0.002215146,-3.0009165,-1.7413739,-1.3665785,-0.0025940493
-0.0022168176,-3.0009165,-1.7413739,-1.3665785,-0.0025940493
-0.0022179438,-3.0009165,-1.7413739,-1.3665785,-0.0025940493
-0.002218339,-3.0009165,-1.7413739,-1.3665785,-0.0025940493
-0.0022179438,-3.0009165,-1.7413739,-1.3665785,-0.0025940493
-0.0022168176,-3.0009165,-1.7413739,-1.3665785,-0.0025940493
-0.002215146,-3.0009165,-1.7413739,-1.3665785,-0.0025940493
-0.0022132623,-3.0009165,-1.7413739,-1.3665785,-0.0025940493
-0.0022116834,-3.0009165,-1.7413739,-1.3665785,-0.0025940493
-0.0022111624,-3.0009165,-1.7413739,-1.3665785,-0.0025940493
-0.00221275,-3.0009165,-1.7413739,-1.3665785,-0.0025940493
-0.0022178579,-3.0009165,-1.7413739,-1.3665785,-0.0025940493
-0.002228299,-3.0009165,-1.7413739,-1.3665785,-0.0025940493
-0.0022462509,-3.0009165,-1.7413739,-1.3665785,-0.0025940493
-0.0022740564,-3.0009165,-1.7413739,-1.3665785,-0.0025940493
-0.0023137345,-3.0009165,-1.7413739,-1.3665785,-0.0025940493
-0.0023660697,-3.0009165,-1.7413739,-1.3665785,-0.0025940493
-0.0024292828,-3.0009165,-1.7413739,-1.3665785,-0.0025940493
-0.002497654,-3.0009165,-1.7413739,-1.3665785,-0.0025940493
-0.0025610588,-3.0009165,-1.7413739,-1.3665785,-0.0025940493
-0.0026067288,-3.0009165,-1.741374,-1.3665783,-0.0025940828
-0.0026234356,-3.0009165,-1.741374,-1.3665783,-0.0025940828
0.057902373,-1.2585634,-0.73364437,-0.6485419,0.03712862
0.05633275,-1.2585634,-0.73364437,-0.6485419,0.03712862
0.052786507,-1.2585634,-0.73364437,-0.6485419,0.03712862
0.04911911,-1.2585634,-0.73364437,-0.6485419,0.03712862
0.04619439,-1.2585634,-0.73364437,-0.6485419,0.03712862
0.044076893,-1.2585634,-0.73364437,-0.6485419,0.03712862
0.042583182,-1.2585634,-0.73364437,-0.6485419,0.03712862
0.04152546,-1.2585634,-0.73364437,-0.6485419,0.03712862
0.040765263,-1.2585634,-0.73364437,-0.6485419,0.03712862
0.040209353,-1.2585634,-0.73364437,-0.6485419,0.03712862
0.039796412,-1.2585634,-0.73364437,-0.6485419,0.03712862
0.039486006,-1.2585634,-0.73364437,-0.6485419,0.03712862
0.039251193,-1.2585634,-0.73364437,-0.6485419,0.03712862
0.039073788,-1.2585634,-0.73364437,-0.6485419,0.03712862
0.038941402,-1.2585634,-0.73364437,-0.6485419,0.03712862
0.0388456,-1.2585634,-0.73364437,-0.6485419,0.03712862
0.03878071,-1.2585634,-0.73364437,-0.6485419,0.03712862
0.03874312,-1.2585634,-0.73364437,-0.6485419,0.03712862
0.038730804,-1.2585634,-0.73364437,-0.6485419,0.03712862
0.03874312,-1.2585634,-0.73364437,-0.6485419,0.03712862
0.03878071,-1.2585634,-0.73364437,-0.6485419,0.03712862
0.0388456,-1.2585634,-0.73364437,-0.6485419,0.03712862
0.038941402,-1.2585634,-0.73364437,-0.6485419,0.03712862
0.039073788,-1.2585634,-0.73364437,-0.6485419,0.03712862
0.039251193,-1.2585634,-0.73364437,-0.6485419,0.03712862
0.039486006,-1.2585634,-0.73364437,-0.6485419,0.03712862
0.039796412,-1.2585634,-0.73364437,-0.6485419,0.03712862
0.040209353,-1.2585634,-0.73364437,-0.6485419,0.03712862
0.04076526,-1.2585634,-0.73364437,-0.6485419,0.03712862
0.04152546,-1.2585634,-0.73364437,-0.6485419,0.03712862
0.04258319,-1.2585633,-0.73364437,-0.648542,0.037128627
0.044076897,-1.2585633,-0.73364437,-0.648542,0.037128627
0.046194386,-1.2585634,-0.73364437,-0.6485419,0.03712862
0.049119107,-1.2585634,-0.73364437,-0.6485419,0.03712862
0.0527865,-1.2585634,-0.73364437,-0.6485419,0.03712862
0.056332737,-1.2585634,-0.73364437,-0.6485419,0.03712862
0.057902373,-1.2585634,-0.73364437,-0.6485419,0.03712862
0.09782633,-1.4243594,-0.835022,-0.70538145,0.05849823
0.09484622,-1.4243594,-0.835022,-0.70538145,0.05849823
0.08796905,-1.4243594,-0.835022,-0.70538145,0.05849823
0.080678254,-1.4243594,-0.835022,-0.70538145,0.05849823
0.07479256,-1.4243594,-0.835022,-0.70538145,0.05849823
0.07055327,-1.4243594,-0.835022,-0.70538145,0.05849823
0.067620076,-1.4243594,-0.835022,-0.70538145,0.05849823
0.065600485,-1.4243594,-0.835022,-0.70538145,0.05849823
0.06419466,-1.4243594,-0.835022,-0.70538145,0.05849823
0.06319955,-1.4243594,-0.835022,-0.70538145,0.05849823
0.062482953,-1.4243594,-0.835022,-0.70538145,0.05849823
0.06195935,-1.4243594,-0.835022,-0.70538145,0.05849823
0.061573062,-1.4243594,-0.835022,-0.70538145,0.05849823
0.061287433,-1.4243594,-0.835022,-0.70538145,0.05849823
0.061078068,-1.4243594,-0.835022,-0.70538145,0.05849823
0.060928702,-1.4243594,-0.835022,-0.70538145,0.05849823
0.060828608,-1.4243594,-0.835022,-0.70538145,0.05849823
0.06077103,-1.4243594,-0.835022,-0.70538145,0.05849823
0.06075223,-1.4243594,-0.835022,-0.70538145,0.05849823
0.06077103,-1.4243594,-0.835022,-0.70538145,0.05849823
0.060828608,-1.4243594,-0.835022,-0.70538145,0.05849823
0.060928702,-1.4243594,-0.835022,-0.70538145,0.05849823
0.061078068,-1.4243594,-0.835022,-0.70538145,0.05849823
0.061287433,-1.4243594,-0.835022,-0.70538145,0.05849823
0.061573062,-1.4243594,-0.835022,-0.70538145,0.05849823
0.061959386,-1.4243594,-0.835022,-0.7053816,0.058498267
0.06248299,-1.4243594,-0.835022,-0.7053816,0.058498267
0.06319955,-1.4243594,-0.835022,-0.70538145,0.05849823
0.06419466,-1.4243594,-0.835022,-0.70538145,0.05849823
0.065600485,-1.4243594,-0.835022,-0.70538145,0.05849823
0.067620076,-1.4243594,-0.835022,-0.70538145,0.05849823
0.07055327,-1.4243594,-0.835022,-0.70538145,0.05849823
0.07479255,-1.4243594,-0.835022,-0.70538145,0.05849823
0.08067824,-1.4243594,-0.835022,-0.70538145,0.05849823
0.08796903,-1.4243594,-0.835022,-0.70538145,0.05849823
0.09484619,-1.4243594,-0.835022,-0.70538145,0.05849823
0.09782633,-1.4243594,-0.835022,-0.70538145,0.05849823
0.05702712,-1.6208309,-0.9478473,-0.7870761,0.04356273
0.056371186,-1.6208309,-0.9478473,-0.7870761,0.04356273
0.054738406,-1.6208309,-0.9478473,-0.7870761,0.04356273
0.05278585,-1.6208309,-0.9478473,-0.7870761,0.04356273
0.05098925,-1.6208309,-0.9478473,-0.7870761,0.04356273
0.04952798,-1.6208309,-0.9478473,-0.7870761,0.04356273
0.048404407,-1.6208309,-0.9478473,-0.7870761,0.04356273
0.047558762,-1.6208309,-0.9478473,-0.7870761,0.04356273
0.046924777,-1.6208309,-0.9478473,-0.7870761,0.04356273
0.046447553,-1.6208309,-0.9478473,-0.7870761,0.04356273
0.046086013,-1.6208309,-0.9478473,-0.7870761,0.04356273
0.04581062,-1.6208309,-0.9478473,-0.7870761,0.04356273
0.045600444,-1.6208309,-0.9478473,-0.7870761,0.04356273
0.045440733,-1.6208309,-0.9478473,-0.7870761,0.04356273
0.045321118,-1.6208309,-0.9478473,-0.7870761,0.04356273
0.04523436,-1.6208309,-0.9478473,-0.7870761,0.04356273
0.045175526,-1.6208309,-0.9478473,-0.7870761,0.04356273
0.045141414,-1.6208309,-0.9478473,-0.7870761,0.04356273
0.045130238,-1.6208309,-0.9478473,-0.7870761,0.04356273
0.045141414,-1.6208309,-0.9478473,-0.7870761,0.04356273
0.045175534,-1.6208307,-0.94784725,-0.78707606,0.043562736
0.045234367,-1.6208307,-0.94784725,-0.78707606,0.043562736
0.045321118,-1.6208309,-0.9478473,-0.7870761,0.04356273
0.045440733,-1.6208309,-0.9478473,-0.7870761,0.04356273
0.045600444,-1.6208309,-0.9478473,-0.7870761,0.04356273
0.045810618,-1.6208309,-0.9478473,-0.7870761,0.04356273
0.046086013,-1.6208309,-0.9478473,-0.7870761,0.04356273
0.046447553,-1.6208309,-0.9478473,-0.7870761,0.04356273
0.046924777,-1.6208309,-0.9478473,-0.7870761,0.04356273
0.047558762,-1.6208309,-0.9478473,-0.7870761,0.04356273
0.048404403,-1.6208309,-0.9478473,-0.7870761,0.04356273
0.04952798,-1.6208309,-0.9478473,-0.7870761,0.04356273
0.05098925,-1.6208309,-0.9478473,-0.7870761,0.04356273
0.052785847,-1.6208309,-0.9478473,-0.7870761,0.04356273
0.0547384,-1.6208309,-0.9478473,-0.7870761,0.04356273
0.056371186,-1.6208309,-0.9478473,-0.7870761,0.04356273
0.05702712,-1.6208309,-0.9478473,-0.7870761,0.04356273
0.051304996,-1.4900073,-0.8679124,-0.7254366,0.040384036
0.05094204,-1.4900073,-0.8679124,-0.7254366,0.040384036
0.0499919,-1.4900073,-0.8679124,-0.7254366,0.040384036
0.04875699,-1.4900073,-0.8679124,-0.7254366,0.040384036
0.047508188,-1.4900073,-0.8679124,-0.7254366,0.040384036
0.046396382,-1.4900073,-0.8679124,-0.7254366,0.040384036
0.04547088,-1.4900073,-0.8679124,-0.7254366,0.040384036
0.044726197,-1.4900073,-0.8679124,-0.7254366,0.040384036
0.04413631,-1.4900073,-0.8679124,-0.7254366,0.040384036
0.043671895,-1.4900073,-0.8679124,-0.7254366,0.040384036
0.043306988,-1.4900073,-0.8679124,-0.7254366,0.040384036
0.043020695,-1.4900073,-0.8679124,-0.7254366,0.040384036
0.04279694,-1.4900073,-0.8679124,-0.7254366,0.040384036
0.042623654,-1.4900073,-0.8679124,-0.7254366,0.040384036
0.042491917,-1.4900073,-0.8679124,-0.7254366,0.040384036
0.042395283,-1.4900073,-0.8679125,-0.7254366,0.040384043
0.0423292,-1.4900073,-0.8679125,-0.7254366,0.040384043
0.042290673,-1.4900073,-0.8679124,-0.7254366,0.040384036
0.042278018,-1.4900073,-0.8679124,-0.7254366,0.040384036
0.042290673,-1.4900073,-0.8679124,-0.7254366,0.040384036
0.042329192,-1.4900073,-0.8679124,-0.7254366,0.040384036
0.042395275,-1.4900073,-0.8679124,-0.7254366,0.040384036
0.042491917,-1.4900073,-0.8679124,-0.7254366,0.040384036
0.042623654,-1.4900073,-0.8679124,-0.7254366,0.040384036
0.04279694,-1.4900073,-0.8679124,-0.7254366,0.040384036
0.043020695,-1.4900073,-0.8679124,-0.7254366,0.040384036
0.043306988,-1.4900073,-0.8679124,-0.7254366,0.040384036
0.043671895,-1.4900073,-0.8679124,-0.7254366,0.040384036
0.04413631,-1.4900073,-0.8679124,-0.7254366,0.040384036
0.044726197,-1.4900073,-0.8679124,-0.7254366,0.040384036
0.04547088,-1.4900073,-0.8679124,-0.7254366,0.040384036
0.046396382,-1.4900073,-0.8679124,-0.7254366,0.040384036
0.047508184,-1.4900073,-0.8679124,-0.7254366,0.040384036
0.048756987,-1.4900073,-0.8679124,-0.7254366,0.040384036
0.049991895,-1.4900073,-0.8679124,-0.7254366,0.040384036
0.05094204,-1.4900073,-0.8679124,-0.7254366,0.040384036
0.051304996,-1.4900073,-0.8679124,-0.7254366,0.040384036
0.06519442,-1.8925805,-1.1100113,-0.90027326,0.04791803
0.06421031,-1.8925805,-1.1100113,-0.90027326,0.04791803
0.061819993,-1.8925805,-1.1100113,-0.90027326,0.04791803
0.059069943,-1.8925805,-1.1100113,-0.90027326,0.04791803
0.056642085,-1.8925805,-1.1100113,-0.90027326,0.04791803
0.054740824,-1.8925805,-1.1100113,-0.90027326,0.04791803
0.053326227,-1.8925805,-1.1100113,-0.90027326,0.04791803
0.05229121,-1.8925805,-1.1100113,-0.90027326,0.04791803
0.05153395,-1.8925805,-1.1100113,-0.90027326,0.04791803
0.05097587,-1.8925805,-1.1100113,-0.90027326,0.04791803
0.050560795,-1.8925805,-1.1100113,-0.90027326,0.047918055
0.05024957,-1.8925805,-1.1100113,-0.90027326,0.047918055
0.05001521,-1.8925805,-1.1100113,-0.90027326,0.04791803
0.04983915,-1.8925805,-1.1100113,-0.90027326,0.04791803
0.04970851,-1.8925805,-1.1100113,-0.90027326,0.04791803
0.04961445,-1.8925805,-1.1100113,-0.90027326,0.04791803
0.04955101,-1.8925805,-1.1100113,-0.90027326,0.04791803
0.04951436,-1.8925805,-1.1100113,-0.90027326,0.04791803
0.04950237,-1.8925805,-1.1100113,-0.90027326,0.04791803
0.04951436,-1.8925805,-1.1100113,-0.90027326,0.04791803
0.04955101,-1.8925805,-1.1100113,-0.90027326,0.04791803
0.04961445,-1.8925805,-1.1100113,-0.90027326,0.04791803
0.04970851,-1.8925805,-1.1100113,-0.90027326,0.04791803
0.04983915,-1.8925805,-1.1100113,-0.90027326,0.04791803
0.05001521,-1.8925805,-1.1100113,-0.90027326,0.04791803
0.050249543,-1.8925805,-1.1100113,-0.90027326,0.04791803
0.05056077,-1.8925805,-1.1100113,-0.90027326,0.04791803
0.05097587,-1.8925805,-1.1100113,-0.90027326,0.04791803
0.051533945,-1.8925805,-1.1100113,-0.90027326,0.04791803
0.05229121,-1.8925805,-1.1100113,-0.90027326,0.04791803
0.053326223,-1.8925805,-1.1100113,-0.90027326,0.04791803
0.054740824,-1.8925805,-1.1100113,-0.90027326,0.04791803
0.05664208,-1.8925805,-1.1100113,-0.90027326,0.04791803
0.05906994,-1.8925805,-1.1100113,-0.90027326,0.04791803
0.061819986,-1.8925805,-1.1100113,-0.90027326,0.04791803
0.06421031,-1.8925805,-1.1100113,-0.90027326,0.04791803
0.06519443,-1.8925806,-1.1100113,-0.9002729,0.04791804
